6 8 9
8 3 9
5 1 7
3 5 8
4 7 4
0 1 4
2 6 3
9 1 1
1 5 2
4 6 5
5 7 1
8 7 2
0 6 4
7 3 9
2 9 3
5 6 4
1 8 3
6 0 2
0 2 5
1 2 3
Verticies:Edges for Above Graph: 10:20 

7 6 6
3 0 5
2 5 4
2 1 1
7 3 6
6 3 3
8 5 7
4 0 4
4 7 4
8 4 7
8 2 4
9 4 8
0 8 4
0 9 5
4 1 1
7 8 5
2 9 9
2 6 3
3 4 6
1 4 5
1 6 5
6 4 6
3 5 9
5 1 3
5 3 5
2 4 6
7 4 9
9 7 5
5 6 7
3 7 2
4 5 1
0 6 9
9 3 7
5 9 7
6 0 5
Verticies:Edges for Above Graph: 10:35 

3 2 7
9 2 3
5 1 6
5 8 5
3 0 5
8 6 4
5 2 2
6 5 5
7 8 9
1 2 3
8 1 8
9 3 8
4 0 8
0 3 3
2 7 7
7 4 8
9 6 6
6 2 9
7 6 4
8 0 9
2 1 8
1 0 9
3 4 1
8 7 5
6 4 6
2 5 3
2 3 1
3 1 2
5 3 6
0 8 5
9 7 5
3 6 7
5 9 2
3 5 8
8 9 9
7 5 4
8 2 3
4 3 1
0 6 3
4 2 8
5 4 4
1 7 2
0 4 2
1 6 1
8 3 4
2 0 6
6 0 8
5 6 1
2 4 8
1 9 6
Verticies:Edges for Above Graph: 10:50 

6 5 2
2 8 4
6 1 3
4 3 5
9 5 6
8 2 3
0 8 5
3 4 3
5 2 4
0 7 6
0 9 1
2 6 7
4 8 1
5 1 7
7 2 6
0 3 2
2 0 6
1 2 2
9 6 3
1 6 1
5 9 6
9 3 4
9 7 8
2 3 3
7 6 8
8 1 6
2 5 7
0 4 6
6 2 4
2 1 3
9 8 2
7 4 4
4 1 3
6 0 9
5 6 4
4 9 8
7 9 6
3 6 6
5 4 4
7 8 8
1 5 4
9 4 7
8 9 1
3 8 1
9 0 3
9 2 1
1 0 8
8 3 8
7 5 3
6 8 8
0 2 5
3 5 2
8 5 6
6 9 3
1 7 6
5 8 7
1 3 6
1 8 7
3 0 3
3 2 4
8 6 4
2 9 4
0 1 9
4 6 6
2 7 4
Verticies:Edges for Above Graph: 10:65 

6 8 3
4 0 9
7 6 9
3 0 3
3 4 9
7 0 3
8 2 1
9 7 8
9 6 2
2 9 8
8 5 8
1 9 6
1 3 3
2 0 1
8 7 5
0 9 9
0 3 1
5 9 3
7 3 8
1 2 6
6 1 8
0 8 3
7 9 7
5 4 4
6 2 8
5 7 2
1 8 3
2 1 8
8 9 5
0 1 3
3 6 3
9 3 9
1 7 5
3 1 3
4 5 1
3 9 2
1 6 2
2 7 5
0 2 4
0 6 7
5 3 4
8 0 9
6 5 3
0 5 1
5 0 2
6 4 8
2 5 6
0 4 5
6 9 7
8 3 5
9 2 4
4 9 1
8 1 1
4 1 8
3 8 2
7 8 2
9 0 9
4 8 6
9 4 4
3 5 6
2 6 8
5 2 4
5 1 9
7 5 7
9 5 4
4 7 2
8 4 8
3 2 5
6 7 8
4 3 2
1 0 9
1 4 8
8 6 9
3 7 9
2 8 9
9 8 4
9 1 5
4 2 7
5 8 9
2 4 1
Verticies:Edges for Above Graph: 10:80 

4 10 8
9 16 7
8 18 3
14 13 1
0 5 5
7 17 8
3 16 5
16 6 4
1 11 8
13 5 1
10 12 7
0 16 4
6 0 1
6 11 1
5 18 2
6 4 4
0 8 8
11 2 7
18 0 5
12 3 4
Verticies:Edges for Above Graph: 20:20 

5 4 6
2 7 6
3 19 8
15 8 4
1 7 6
18 19 8
5 7 4
0 1 5
0 7 7
11 9 5
14 9 9
3 2 6
6 1 1
19 8 9
10 7 8
13 3 4
9 5 3
9 15 5
7 15 8
4 9 4
4 12 6
6 4 6
2 0 1
17 18 6
3 6 3
3 0 1
16 18 7
12 17 2
2 19 4
2 9 5
9 0 4
7 2 9
2 8 3
8 9 9
4 3 5
Verticies:Edges for Above Graph: 20:35 

16 10 3
7 2 5
12 14 1
2 9 5
9 8 4
17 19 1
3 12 4
1 13 1
2 0 3
2 19 1
7 17 3
19 17 2
14 16 6
11 15 4
10 18 1
2 5 1
13 17 2
9 14 9
3 8 7
18 2 3
3 4 5
3 2 9
1 2 2
1 4 1
4 3 6
3 0 9
15 14 6
0 17 8
0 7 8
5 14 6
1 5 9
6 12 5
0 2 6
7 8 2
7 0 5
4 17 6
5 6 8
5 3 3
4 8 8
8 16 6
0 9 1
8 4 8
6 8 3
6 3 1
0 8 3
0 3 9
3 6 5
6 9 6
6 2 4
4 6 3
Verticies:Edges for Above Graph: 20:50 

18 1 6
17 1 8
12 18 1
3 8 9
7 14 3
8 5 6
0 5 4
6 17 6
5 4 5
1 16 8
5 7 9
8 19 5
0 14 4
0 4 2
19 10 6
11 6 3
7 2 3
4 11 8
4 6 1
5 15 4
16 5 5
2 16 9
15 13 8
14 18 5
2 3 5
8 0 5
5 9 3
0 7 6
9 17 2
3 13 3
7 9 4
9 7 3
4 7 8
6 7 4
2 9 1
8 9 7
2 6 4
4 8 4
1 7 9
8 3 7
7 4 1
10 18 2
13 18 5
2 5 6
0 8 7
7 5 2
5 3 4
9 5 7
4 2 9
4 9 1
7 3 9
6 0 4
6 4 8
3 0 2
9 0 8
6 9 6
3 4 3
7 6 8
9 6 3
4 5 9
1 4 8
0 2 6
1 6 2
4 3 4
4 0 1
Verticies:Edges for Above Graph: 20:65 

11 14 6
15 19 2
4 18 3
8 18 9
7 5 4
19 9 3
9 16 8
17 12 6
5 6 3
0 1 9
3 13 1
18 4 5
1 7 3
10 13 9
12 11 7
1 11 7
4 7 2
13 11 7
7 11 7
9 7 4
9 4 4
2 18 1
0 6 1
16 8 6
0 3 7
14 16 8
5 3 1
5 8 9
6 16 6
5 7 6
9 0 4
0 8 9
4 5 6
7 0 3
7 2 5
3 6 1
1 8 3
5 17 6
2 7 2
3 0 4
1 2 3
2 4 6
2 8 5
7 6 7
6 0 4
1 9 8
8 6 9
2 6 2
8 2 3
6 3 6
9 2 6
0 5 4
4 2 1
9 6 8
1 0 1
4 6 6
3 2 5
6 4 5
8 5 7
9 8 5
7 4 4
6 9 5
1 4 1
3 7 7
5 4 7
5 9 7
1 3 8
6 5 5
3 4 4
7 8 5
5 2 2
0 2 4
0 9 3
7 3 2
4 3 7
3 5 7
2 3 1
3 9 8
9 5 4
7 9 3
Verticies:Edges for Above Graph: 20:80 

7 21 7
19 22 6
13 4 7
0 10 7
11 7 2
28 13 4
2 13 9
27 23 9
7 11 6
2 3 6
24 21 4
8 19 6
15 18 4
5 0 4
18 27 6
12 3 9
17 1 8
22 18 1
4 9 6
0 27 4
Verticies:Edges for Above Graph: 30:20 

11 23 6
3 9 7
8 19 6
26 25 4
0 26 7
3 11 9
4 15 7
18 22 9
7 17 9
10 20 2
29 22 2
12 8 5
17 29 7
2 19 8
20 3 7
13 6 5
16 21 3
19 28 6
0 9 8
21 0 5
6 25 2
25 21 1
15 1 4
14 29 1
9 3 2
1 10 4
5 29 9
4 3 3
9 8 3
2 21 3
4 29 1
9 1 5
7 21 8
23 16 3
28 4 4
Verticies:Edges for Above Graph: 30:35 

23 21 7
15 6 3
0 12 2
29 23 5
4 26 1
19 13 8
18 0 4
0 9 2
25 3 5
2 0 5
17 22 4
16 22 3
10 1 6
8 3 3
5 25 1
9 28 1
6 5 6
6 29 5
5 13 6
1 18 3
8 15 7
1 25 3
20 18 2
22 2 3
28 29 7
5 3 6
8 0 6
8 21 4
4 17 3
27 10 2
2 16 5
8 4 2
1 3 7
26 14 1
14 1 7
13 28 3
9 13 9
11 4 8
24 3 2
6 12 7
2 8 6
21 11 7
1 6 8
3 29 1
7 11 6
12 29 7
7 5 6
5 8 2
7 28 2
6 8 7
Verticies:Edges for Above Graph: 30:50 

11 21 8
1 7 6
14 27 6
21 13 2
12 16 7
4 13 9
26 25 2
15 5 1
19 3 9
9 2 1
18 7 4
0 25 4
25 7 6
3 1 8
8 3 8
17 0 7
13 4 8
22 0 2
16 26 1
4 25 5
10 14 3
28 21 6
2 16 2
0 8 2
6 9 4
9 1 1
0 9 7
5 12 7
27 20 7
2 8 4
2 26 5
1 29 9
3 6 9
0 13 2
5 3 9
20 23 7
9 5 8
8 6 6
8 13 1
3 9 5
6 18 9
8 25 1
23 2 1
7 5 4
7 22 6
9 0 4
6 7 5
5 0 6
4 6 6
24 22 8
29 8 4
7 11 6
5 24 7
1 6 5
5 7 1
7 6 1
3 28 4
6 0 7
6 3 4
7 3 7
7 9 8
3 0 6
4 8 6
4 9 3
6 23 2
Verticies:Edges for Above Graph: 30:65 

17 20 2
7 0 1
16 21 7
15 14 9
0 17 5
29 1 1
4 12 2
4 29 8
11 6 9
19 18 3
1 3 8
21 14 4
18 19 1
14 10 3
5 10 3
25 7 3
7 23 4
13 21 5
20 10 2
10 29 1
6 3 4
6 26 6
7 9 7
4 3 6
9 19 9
26 8 8
0 28 3
22 17 7
1 8 1
28 10 7
7 14 4
3 2 8
6 9 8
24 0 9
12 18 6
8 25 2
4 8 2
1 11 8
9 7 4
2 11 6
8 13 7
9 27 5
6 1 6
23 29 8
0 4 9
6 0 3
3 6 4
5 24 6
27 5 6
2 28 8
9 5 2
1 2 4
2 6 2
5 3 4
6 7 2
8 3 7
1 7 9
3 17 7
3 4 3
9 6 9
5 8 2
7 8 3
9 8 4
2 0 2
8 4 3
5 0 9
0 7 5
1 4 5
4 0 7
9 0 3
2 5 2
4 7 3
4 5 3
7 6 6
0 8 2
4 9 7
3 9 8
9 3 4
4 6 9
8 7 3
Verticies:Edges for Above Graph: 30:80 

35 22 8
6 8 6
30 13 4
8 9 1
33 3 9
6 4 5
32 17 7
13 24 7
4 20 7
6 34 8
20 39 4
8 34 6
23 36 7
18 5 6
15 19 9
12 11 5
8 17 4
31 36 3
5 14 1
24 14 6
Verticies:Edges for Above Graph: 40:20 

10 15 3
33 30 1
14 1 3
31 22 8
21 9 1
7 20 7
23 9 4
7 4 3
11 8 2
19 30 6
0 18 5
32 21 4
26 22 1
12 31 3
5 28 5
39 21 8
4 24 9
9 18 1
38 15 5
3 9 4
37 12 5
20 9 5
15 39 7
2 23 9
35 25 3
25 1 9
17 7 8
1 28 2
0 9 7
30 3 6
8 32 6
7 5 6
0 33 5
29 9 1
6 38 8
Verticies:Edges for Above Graph: 40:35 

12 2 7
31 1 7
8 26 9
22 24 9
3 37 4
39 24 3
6 0 4
38 7 3
3 17 6
37 19 1
17 13 4
28 1 2
26 15 9
11 17 7
18 11 1
23 6 1
0 1 4
1 17 3
21 38 3
7 19 6
2 27 5
29 16 4
24 16 1
15 32 7
16 2 9
20 21 6
30 14 3
8 30 2
25 36 1
27 7 2
32 1 4
35 23 8
6 17 8
19 15 2
33 30 8
9 10 3
13 2 4
3 29 5
34 36 3
1 0 7
6 29 8
14 33 9
8 4 4
6 30 4
7 22 4
9 5 6
4 37 2
10 14 1
5 26 8
1 35 4
Verticies:Edges for Above Graph: 40:50 

30 39 6
10 12 8
35 2 8
15 28 4
22 26 5
2 39 5
14 19 2
27 12 8
29 8 6
21 19 7
23 6 6
16 22 3
26 5 9
1 37 9
28 13 1
2 19 1
0 20 3
9 27 3
9 31 4
25 24 6
4 16 2
1 9 9
37 39 5
34 17 3
2 26 1
7 25 2
3 14 1
3 23 8
24 23 6
8 37 6
19 36 9
13 10 2
7 11 3
33 29 8
6 12 6
12 14 8
31 37 7
5 36 9
18 32 9
8 17 2
5 25 2
4 36 5
38 1 4
11 12 8
17 39 1
6 20 1
20 19 6
6 32 2
3 37 9
2 4 2
39 38 8
32 17 9
4 28 8
36 18 9
4 7 6
5 0 4
8 21 4
4 6 3
8 0 9
1 14 9
7 5 7
7 38 3
0 32 8
3 0 4
1 27 4
Verticies:Edges for Above Graph: 40:65 

1 24 4
28 15 4
16 38 7
13 35 2
12 15 2
19 3 8
8 22 8
33 39 2
10 19 5
30 13 5
38 20 4
31 13 8
17 13 9
20 18 1
18 3 5
35 14 5
22 2 4
32 7 9
27 23 1
14 27 8
37 33 5
5 22 1
3 34 5
4 29 5
24 21 1
6 17 1
1 30 2
0 20 1
26 14 3
11 29 9
15 17 8
7 22 3
2 23 4
2 33 5
36 16 7
0 37 8
29 18 2
34 22 7
1 16 8
4 9 5
8 12 7
9 24 6
25 33 4
8 35 2
6 29 2
3 5 4
23 32 8
4 36 5
39 5 5
3 28 3
5 0 1
21 34 6
2 16 4
7 1 3
0 4 7
6 3 4
3 4 4
9 12 2
4 15 2
9 4 2
7 35 5
9 5 6
6 7 8
9 35 7
9 6 5
3 18 7
2 7 2
7 6 3
6 0 3
1 0 6
0 5 4
5 17 7
3 7 9
5 31 9
0 9 7
1 5 9
8 6 1
7 5 2
0 15 9
0 7 5
Verticies:Edges for Above Graph: 40:80 

45 43 2
36 1 1
0 47 3
4 12 1
46 9 8
31 48 7
23 20 1
5 30 3
16 32 8
43 8 6
12 36 2
5 25 9
37 41 4
27 44 8
33 21 9
39 8 3
3 11 6
2 15 4
47 14 9
26 41 3
Verticies:Edges for Above Graph: 50:20 

32 21 1
37 14 7
28 4 1
46 42 3
16 2 7
42 2 6
49 2 8
21 19 8
17 22 4
47 19 6
35 22 5
8 10 1
24 45 7
4 37 5
11 15 4
13 22 9
20 26 5
41 48 9
2 33 2
43 23 9
40 21 8
2 28 6
7 15 3
18 15 3
14 35 7
48 45 3
31 36 2
10 33 1
34 2 6
3 49 4
1 18 6
22 7 1
44 27 3
1 5 2
33 24 1
Verticies:Edges for Above Graph: 50:35 

39 27 4
35 42 9
20 39 1
10 49 4
33 15 9
6 7 4
26 30 5
15 30 9
22 0 4
27 49 6
29 49 1
6 45 8
25 6 7
48 26 9
6 29 8
12 24 2
31 41 2
45 23 3
47 44 7
14 34 5
19 44 4
40 19 1
28 5 3
36 34 2
11 41 2
37 17 7
4 10 3
0 40 3
18 39 2
0 12 1
42 5 6
23 6 5
24 15 3
13 17 6
41 33 6
4 29 4
43 46 7
3 38 2
3 45 3
1 4 9
21 38 3
4 38 1
3 14 1
0 29 4
49 1 5
7 33 5
46 9 4
16 22 5
30 6 5
7 17 2
Verticies:Edges for Above Graph: 50:50 

18 3 7
38 43 6
3 38 9
12 27 5
10 20 1
15 18 2
16 10 6
13 42 1
7 18 7
0 42 6
25 2 3
22 12 4
23 26 9
8 17 9
33 29 5
2 32 2
44 24 3
5 29 1
27 37 6
26 10 4
30 8 2
0 21 7
14 8 7
20 35 6
19 2 3
34 47 8
45 42 2
37 6 5
1 38 9
47 11 9
7 42 9
42 28 5
17 46 7
7 32 8
29 23 8
11 2 7
2 10 8
21 32 2
24 14 4
31 34 9
39 22 4
0 15 7
2 8 5
36 22 4
9 34 1
28 13 8
6 19 1
2 49 7
8 43 3
46 18 7
6 38 8
3 9 8
2 29 2
5 30 8
40 43 7
1 29 6
49 46 1
9 24 4
5 9 3
5 10 7
8 30 4
41 9 7
32 35 3
3 10 2
0 36 9
Verticies:Edges for Above Graph: 50:65 

8 39 8
47 34 9
0 35 5
2 39 5
12 10 6
32 10 9
1 6 9
6 28 3
28 47 4
37 3 6
17 31 3
38 13 9
10 28 1
4 40 8
34 18 5
40 28 5
22 34 2
42 22 5
14 21 5
27 14 3
18 17 4
23 26 3
2 1 3
39 41 2
36 23 3
46 21 7
8 47 8
35 21 2
43 4 2
44 25 8
29 42 4
1 0 8
26 48 2
45 4 2
4 19 4
25 13 2
2 48 4
4 34 1
20 46 1
33 26 3
21 3 3
24 20 1
0 17 4
30 47 2
31 16 4
8 5 8
16 37 8
8 16 6
41 16 2
9 48 2
1 17 2
11 48 9
7 48 9
5 6 3
5 48 4
9 25 9
2 25 1
19 21 8
9 38 3
3 18 2
5 37 7
3 25 1
0 28 9
49 11 5
9 0 4
1 24 5
15 48 1
13 26 4
7 11 9
7 2 3
6 49 9
5 11 5
6 19 1
6 7 9
3 8 9
48 23 4
3 34 1
1 3 7
9 8 8
7 6 3
Verticies:Edges for Above Graph: 50:80 