7 10 4
26 29 8
25 14 4
24 22 2
3 0 5
6 28 8
15 19 9
29 18 7
0 9 2
23 13 8
28 23 8
0 7 6
3 2 7
0 11 2
21 11 7
5 23 9
20 29 3
1 22 5
18 6 2
6 11 9
2 24 5
4 12 3
22 12 1
3 5 3
9 12 9
2 13 4
0 28 2
19 9 4
8 16 7
16 12 1
11 12 1
0 5 6
27 18 1
0 8 5
12 13 6
13 21 7
17 27 9
1 8 7
2 9 1
2 7 6
5 14 2
4 21 3
10 3 8
14 15 6
3 1 1
1 16 7
3 8 7
6 9 2
2 4 1
7 6 7
9 5 5
8 29 2
4 9 9
4 5 3
9 8 4
5 4 5
3 9 7
7 5 7
9 6 8
7 23 3
8 3 8
1 4 3
6 7 9
1 6 7
2 8 2
9 3 3
5 6 8
2 0 4
9 21 2
7 9 5
8 4 3
3 6 2
8 7 3
6 8 2
1 5 1
9 0 5
0 4 6
3 7 7
1 3 3
1 7 4
30:80