4 17 5
8 5 8
9 19 2
16 19 4
3 15 7
2 8 8
2 0 5
6 14 2
19 4 6
3 5 5
2 6 9
5 1 2
2 19 7
10 3 3
5 3 7
8 15 4
7 2 5
18 8 3
11 18 9
15 13 3
17 11 5
14 10 5
3 4 6
0 13 8
3 2 1
5 2 9
1 16 4
4 8 7
3 8 1
12 8 4
13 17 6
4 3 9
1 5 9
1 3 3
9 6 7
5 6 8
2 4 2
9 5 1
0 5 8
0 3 8
1 4 4
1 2 3
1 0 3
3 6 9
8 2 9
7 15 7
6 2 3
7 0 5
7 4 3
7 9 7
4 6 2
1 7 8
7 3 6
9 4 7
8 3 3
0 6 1
7 5 7
6 5 4
6 9 4
4 9 1
2 5 7
1 6 4
2 9 5
7 6 2
8 7 7
3 7 8
0 8 9
3 0 4
8 6 7
9 2 7
4 5 4
0 2 5
6 4 8
5 8 4
0 7 4
6 7 5
5 0 8
6 0 2
6 3 1
8 0 7
20:80