6 12 5
8 1 5
17 16 9
0 13 8
13 15 5
14 18 2
22 23 5
19 4 5
0 8 8
16 1 5
21 6 8
7 0 3
18 1 9
10 12 8
24 4 1
4 23 1
8 7 8
4 13 2
11 5 2
7 6 7
20 6 7
4 6 9
0 3 4
5 16 7
3 10 2
2 9 1
7 5 3
15 22 5
1 15 8
1 8 9
2 4 9
2 21 4
6 22 8
7 1 2
3 23 9
9 15 1
2 10 8
23 12 2
5 22 2
9 3 2
12 7 5
9 8 9
1 24 9
9 0 6
0 20 1
7 2 8
2 8 8
8 2 9
3 5 3
6 8 6
0 5 7
3 4 3
4 0 9
8 0 5
6 7 1
9 21 7
2 0 2
0 9 5
7 3 3
9 4 5
5 0 7
4 7 1
5 7 8
8 6 6
2 5 8
1 7 1
6 0 1
5 3 7
8 9 6
1 0 3
6 3 4
7 4 7
4 9 9
6 5 8
0 6 6
0 7 2
2 7 6
6 9 7
2 6 3
1 3 8
25:80