7 22 8
27 13 9
9 38 2
2 29 6
29 9 2
23 29 6
14 12 1
15 25 2
28 15 5
31 34 2
1 19 1
6 23 7
34 22 1
17 21 5
11 6 2
25 32 6
3 32 7
15 37 7
23 35 3
31 30 5
10 38 4
18 32 4
2 35 5
37 29 5
14 23 4
39 25 1
35 14 9
8 11 4
30 24 2
37 26 2
28 26 1
1 25 6
13 34 7
13 1 5
6 11 4
15 9 3
22 16 7
24 28 1
16 1 7
7 16 7
8 16 5
28 38 9
9 15 3
15 35 6
2 23 2
15 34 3
25 31 4
30 19 8
25 28 8
20 16 1
14 35 8
35 11 6
14 21 1
14 26 3
2 30 3
28 7 4
10 29 6
15 23 1
15 27 7
34 17 1
23 33 4
14 11 6
39 13 9
1 4 7
27 16 3
8 15 6
7 18 4
24 15 8
30 3 1
24 20 7
33 7 5
3 34 2
13 32 6
3 19 5
3 10 3
18 21 5
28 12 1
33 5 7
14 19 1
39 14 5
33 1 3
38 10 6
25 13 4
13 7 8
15 13 2
24 6 4
30 25 4
1 8 7
19 37 3
24 31 2
13 35 2
22 38 3
28 2 6
23 22 9
39 23 9
38 30 2
13 14 5
18 23 8
37 5 5
38 1 2
1 37 9
31 5 4
37 30 1
30 9 1
30 38 4
37 17 4
38 24 5
39 2 7
6 10 5
18 13 5
16 17 3
17 28 4
1 9 5
4 25 9
9 35 6
13 37 8
19 1 6
26 0 4
39 6 1
6 1 8
24 7 6
18 31 2
15 1 4
32 37 5
38 6 8
9 31 4
26 28 9
10 13 9
10 26 4
9 10 1
27 22 6
35 39 1
8 34 2
37 6 3
6 31 1
8 29 2
27 14 4
15 33 5
36 4 8
4 27 3
30 0 8
32 9 1
4 37 5
33 19 9
7 23 8
29 0 6
20 12 7
7 0 3
21 28 5
17 20 8
26 12 4
36 33 4
19 16 2
27 36 2
25 36 1
4 34 7
3 21 1
23 13 9
8 21 5
37 9 5
13 21 2
11 25 2
0 3 4
15 39 3
28 31 2
38 3 2
35 22 6
27 7 2
29 20 2
20 7 2
22 3 7
18 26 8
24 3 7
4 22 5
29 28 5
19 23 2
5 30 9
31 33 8
6 2 9
30 29 2
35 36 3
30 21 1
18 4 2
2 37 8
27 0 7
5 4 3
8 23 1
30 16 7
35 12 1
18 28 4
26 11 7
8 32 9
21 14 9
18 0 3
0 28 5
30 28 6
23 27 6
26 9 9
24 27 7
0 37 6
4 24 7
26 3 9
29 22 8
27 26 8
34 36 1
38 8 3
16 29 3
5 31 6
3 38 2
28 39 6
35 21 8
11 27 1
9 3 2
9 18 9
24 17 1
35 32 1
32 10 2
22 12 2
20 25 7
9 36 4
2 27 8
39 8 8
20 10 3
29 23 8
37 13 6
31 26 8
18 5 4
17 5 8
22 25 2
39 19 3
36 8 3
9 22 8
32 22 3
37 22 8
0 4 1
6 33 8
20 3 2
28 32 4
13 8 9
2 14 5
29 26 4
2 28 8
29 34 9
0 31 7
8 2 6
3 39 3
21 4 9
32 20 1
18 24 8
25 39 8
3 17 5
18 12 4
25 22 1
4 38 3
3 26 4
11 20 6
8 3 9
39 4 2
34 33 2
30 34 8
22 27 1
9 19 9
8 20 5
16 33 3
35 28 3
39 1 7
16 32 6
19 3 4
19 25 4
23 14 2
24 5 4
11 13 8
9 13 8
36 24 2
18 29 4
26 19 8
26 24 4
2 26 4
5 19 3
17 8 9
11 19 8
13 22 8
21 29 1
5 29 9
13 2 9
9 6 4
17 19 2
19 8 9
36 39 7
7 34 9
22 32 8
36 37 4
31 25 6
28 17 6
5 11 5
38 0 9
7 5 8
36 31 4
27 39 1
17 15 4
18 10 1
28 13 1
39 24 3
12 27 8
24 34 1
25 2 2
1 10 4
35 30 6
30 2 2
22 28 6
30 22 7
1 22 4
34 7 2
36 7 2
0 39 8
32 24 7
35 25 7
17 14 4
20 18 1
10 33 3
6 29 6
25 4 8
32 17 9
36 38 5
7 9 1
25 3 6
7 21 6
36 14 6
27 35 2
7 20 7
37 33 5
24 36 8
22 5 4
33 29 9
33 38 4
13 24 9
4 26 2
15 5 5
7 32 1
22 13 7
29 8 2
5 26 8
23 5 3
27 15 7
15 4 7
24 10 6
22 30 6
14 28 7
3 27 3
3 30 9
18 7 6
33 31 9
29 35 8
36 35 2
10 24 7
30 14 5
15 29 6
0 29 9
27 28 3
21 32 2
14 7 7
20 0 8
13 15 1
15 32 4
15 30 6
20 31 3
5 12 2
5 2 5
7 8 9
31 6 6
1 24 1
35 8 3
1 7 6
11 30 2
21 24 4
37 4 7
2 6 8
25 17 3
36 27 7
1 38 7
0 32 5
39 21 5
37 28 9
19 21 6
36 29 8
4 28 1
38 36 7
8 1 6
10 3 6
30 5 2
17 27 7
29 38 7
33 3 7
7 25 2
4 5 5
10 34 9
4 11 9
38 13 7
2 32 2
0 36 8
28 19 8
7 10 7
16 2 2
28 6 8
21 16 6
8 28 1
25 21 4
25 29 8
17 29 4
28 20 8
20 9 5
20 35 9
2 4 9
12 28 5
19 9 5
11 37 5
39 32 2
7 12 2
30 35 9
28 9 7
29 25 5
24 8 7
18 35 5
29 7 8
12 25 6
15 7 3
28 18 5
5 8 7
36 25 2
21 31 5
25 27 1
18 22 5
14 3 4
27 33 9
26 30 4
18 16 5
3 5 3
31 20 4
34 2 3
26 23 1
33 34 6
25 19 3
27 23 2
11 14 4
6 22 9
5 32 6
15 0 6
5 37 6
2 38 5
28 33 1
19 24 9
36 18 6
38 31 8
14 38 5
1 3 5
38 20 9
25 15 1
16 25 3
34 39 5
29 30 2
2 9 1
25 38 2
15 22 9
32 25 2
22 23 7
5 9 2
12 19 4
24 22 4
33 26 2
21 3 7
26 34 2
20 5 1
5 20 9
0 33 5
7 24 1
23 28 9
0 7 6
6 38 9
8 9 5
17 3 8
19 26 2
1 31 8
10 17 8
21 2 9
6 30 3
8 38 4
31 13 5
28 29 4
39 28 2
29 37 9
39 9 7
36 3 3
17 35 4
28 24 2
38 26 2
11 24 4
16 20 9
23 34 7
5 21 4
12 26 2
33 8 1
14 32 4
12 14 4
39 7 8
7 31 3
18 25 2
38 19 3
18 8 4
20 27 7
32 33 3
16 11 1
29 5 6
26 22 6
25 11 3
15 6 4
2 21 3
28 3 8
31 1 2
9 34 7
19 6 7
24 16 4
31 36 3
36 16 1
32 27 7
30 15 6
25 30 4
12 13 5
9 1 5
6 14 3
39 30 8
31 8 9
24 4 4
27 18 8
14 18 5
15 11 8
34 23 3
1 14 5
13 25 5
21 35 1
5 38 4
9 2 9
13 38 1
1 18 3
25 6 5
20 30 5
11 35 1
14 2 3
35 2 7
15 20 5
20 39 9
21 26 1
31 4 1
26 20 3
29 14 4
19 7 6
3 4 9
38 12 4
30 8 5
32 5 4
12 39 6
12 35 3
18 19 2
20 33 4
16 35 8
9 11 6
37 32 5
15 21 6
11 4 2
10 12 7
20 32 5
24 21 3
15 14 7
29 3 1
37 23 6
7 33 6
0 20 2
22 14 6
34 10 2
36 12 5
13 9 2
12 32 2
32 12 6
17 32 1
36 34 4
25 14 2
35 38 7
35 7 9
16 5 5
3 35 3
6 3 4
29 6 8
28 22 4
24 1 9
36 23 3
5 3 2
8 4 6
16 31 7
7 4 4
0 14 9
26 4 7
29 16 6
20 15 8
13 16 8
21 25 5
10 15 2
3 2 1
32 34 5
19 32 6
31 39 9
14 34 2
29 4 2
24 14 5
10 23 4
20 13 3
2 3 9
0 27 7
2 31 4
16 8 5
5 0 4
14 24 7
13 29 8
8 39 1
5 25 9
5 36 5
18 1 6
37 2 3
12 20 1
11 3 9
18 14 7
26 27 4
4 35 5
4 8 4
23 17 1
28 16 3
38 33 5
6 17 8
17 31 2
24 11 3
13 27 8
8 12 7
27 19 1
14 31 5
24 38 3
27 21 1
0 22 4
38 7 7
23 2 7
13 31 4
16 18 2
13 19 9
11 10 4
7 19 7
34 20 6
11 39 8
26 38 8
37 39 8
21 18 4
23 0 2
15 38 7
28 27 1
19 14 9
20 21 6
14 10 3
26 17 2
18 3 9
31 2 9
0 26 3
39 22 1
8 0 2
9 24 6
32 3 6
16 19 8
16 14 5
22 21 6
30 18 6
8 18 2
33 37 5
10 8 1
7 26 2
30 23 3
13 4 7
10 35 1
21 17 3
37 16 5
30 39 1
29 19 7
23 10 1
24 2 8
21 11 7
36 11 7
39 20 5
6 24 1
5 14 7
22 20 9
2 12 6
9 32 8
33 25 3
11 18 9
26 2 9
33 36 2
5 39 2
1 5 4
5 13 4
27 37 5
21 7 1
13 12 5
32 28 4
12 16 7
23 15 3
0 24 9
39 38 1
26 21 4
38 5 7
14 27 9
10 30 4
32 26 4
0 6 4
19 39 4
22 36 1
11 12 8
10 0 1
4 14 4
0 17 5
2 1 3
0 30 9
32 4 3
22 0 7
33 23 1
1 16 9
9 20 9
3 33 6
9 33 9
26 16 8
33 11 6
15 16 9
16 6 8
15 10 5
28 36 8
32 19 7
28 0 5
3 8 4
19 17 7
10 18 6
14 33 3
25 16 7
10 36 3
3 6 4
23 8 8
23 1 3
19 4 7
34 30 5
38 15 5
3 23 6
17 23 1
31 38 7
34 8 7
9 8 5
21 27 3
33 20 8
35 16 6
16 38 8
31 12 3
2 25 7
28 5 1
2 7 4
11 33 8
1 28 1
7 1 9
34 37 1
23 19 4
27 29 1
6 16 6
9 12 5
23 7 9
8 7 1
34 12 5
31 27 8
30 17 2
0 2 9
27 2 2
19 27 8
9 7 4
2 36 9
25 33 8
1 30 3
12 29 4
1 0 7
10 32 9
33 14 2
3 13 2
5 16 9
19 35 5
4 9 5
23 32 9
20 34 3
21 20 7
6 39 3
15 31 4
35 19 1
34 26 1
25 23 4
16 34 2
19 10 7
33 17 8
22 2 3
16 39 2
21 1 5
11 9 8
39 36 3
23 9 5
32 29 8
1 39 6
11 21 1
25 1 5
12 15 4
33 18 4
34 3 8
34 28 1
10 21 5
33 39 8
22 26 9
19 18 4
10 28 2
13 30 6
39 37 1
20 36 9
24 35 5
0 9 6
8 26 7
22 29 5
13 5 9
23 30 2
2 10 4
9 5 5
13 26 8
3 28 5
21 0 6
12 3 5
31 10 5
29 10 7
6 18 4
5 17 9
7 39 7
9 27 4
15 24 4
38 17 3
26 36 8
2 5 5
38 23 5
9 28 5
0 13 1
34 14 3
20 22 1
35 26 5
27 25 8
0 5 2
38 32 3
30 11 1
32 30 7
1 13 5
38 2 8
6 0 5
39 33 3
33 9 8
17 9 9
15 36 3
25 10 1
0 12 6
28 23 8
12 23 7
6 15 7
0 10 4
23 38 7
22 15 6
24 32 1
36 19 6
28 37 8
2 33 9
38 14 2
20 14 3
30 26 9
0 25 2
35 4 8
3 0 6
28 4 3
29 11 9
13 6 1
12 21 7
19 33 1
11 16 8
33 12 7
25 37 2
20 2 6
17 4 1
18 9 5
18 27 9
36 6 5
19 38 4
2 8 7
4 20 4
25 34 4
10 20 1
29 2 2
35 37 5
2 17 3
7 2 9
39 0 2
38 22 7
9 16 5
5 33 2
19 29 9
16 15 2
39 10 1
6 21 2
7 36 9
8 17 3
35 23 2
27 5 4
25 7 9
14 22 2
36 17 1
20 29 5
17 30 9
30 33 5
15 28 2
5 15 2
30 12 7
36 0 9
25 9 6
1 15 1
37 12 5
12 1 1
28 10 4
12 4 5
25 18 2
5 6 5
29 24 6
2 39 2
6 32 5
28 30 1
8 35 5
22 4 7
18 2 3
14 25 7
19 28 6
31 7 1
25 8 7
34 35 6
6 34 2
31 11 8
29 33 9
26 13 3
25 0 5
19 11 4
23 24 8
7 37 1
31 9 7
7 15 4
1 29 3
4 1 9
1 32 4
19 22 8
38 37 3
12 34 5
13 18 5
8 30 2
12 5 4
18 11 8
34 5 4
18 36 2
24 0 8
4 17 3
37 8 8
35 31 3
24 29 6
27 6 8
38 18 7
24 26 8
26 18 1
34 16 6
25 12 7
8 5 3
16 24 9
16 27 4
26 1 1
35 20 3
19 2 6
31 28 7
32 39 2
35 33 5
31 15 3
39 31 2
40:992