0 20 8
24 5 6
21 18 6
14 18 1
16 17 9
20 7 9
17 4 9
8 13 4
13 22 6
11 10 3
23 16 2
2 23 7
12 3 4
8 4 5
9 6 2
1 9 7
22 12 6
5 3 4
19 13 8
1 20 2
0 17 5
5 2 8
1 17 3
15 2 7
4 13 6
7 22 9
9 23 5
5 17 3
2 13 8
3 23 8
7 4 7
18 0 7
8 23 9
10 7 6
2 7 9
6 10 3
9 12 9
3 15 5
3 8 8
6 23 4
7 11 9
7 9 3
5 4 2
2 5 1
4 7 1
4 0 8
4 8 8
0 3 2
5 6 5
0 9 2
6 3 8
4 22 9
8 3 7
2 4 8
8 6 5
3 7 5
0 8 5
7 3 9
9 7 7
9 8 3
6 9 3
5 7 4
7 8 1
5 9 1
7 0 8
1 0 9
1 5 7
6 8 1
4 9 4
1 7 2
6 5 5
0 5 6
3 4 3
0 7 8
2 8 7
6 4 2
3 5 1
3 9 5
1 8 5
6 0 3
25:80