31 13 3
36 14 2
17 29 8
1 0 4
9 11 8
36 0 1
2 0 5
35 11 5
31 14 6
23 28 9
14 23 1
25 23 6
11 21 9
6 30 6
37 5 6
34 11 6
29 32 1
33 11 3
2 32 4
24 3 4
2 11 2
25 34 9
27 31 2
5 11 2
16 11 3
12 21 6
39 5 9
1 16 2
31 21 8
33 38 2
22 29 1
25 36 6
8 27 3
39 28 8
37 13 9
9 17 4
17 16 1
26 37 8
39 29 7
27 10 7
23 17 9
38 3 6
20 7 4
13 7 5
11 20 1
33 18 2
13 30 4
29 10 2
29 13 2
13 32 2
26 29 3
19 14 6
19 6 7
1 38 2
1 21 3
10 28 8
16 12 8
24 25 9
35 13 4
3 37 7
19 28 9
28 20 1
38 22 3
7 32 8
36 26 8
23 38 2
5 19 8
19 32 3
31 39 5
14 6 5
3 7 6
37 10 1
22 18 5
25 15 3
38 16 8
36 13 8
26 17 2
16 4 7
28 8 8
19 1 5
27 39 6
15 26 6
8 0 1
22 26 7
18 5 8
26 18 6
37 36 5
18 29 3
29 11 5
33 29 7
9 36 8
1 31 7
27 37 2
13 8 4
4 30 9
11 27 6
35 8 5
22 23 3
14 34 9
1 27 9
33 21 9
23 33 5
37 0 3
30 32 6
30 14 4
9 30 2
5 8 6
11 24 1
24 12 6
2 4 9
1 26 8
8 39 9
31 36 5
37 17 7
17 35 9
12 36 3
8 4 9
33 9 7
25 20 1
5 20 9
13 29 7
25 18 2
10 12 9
18 30 4
34 4 3
12 1 1
15 16 7
8 1 1
34 24 9
17 7 9
23 2 7
16 13 2
14 35 5
29 17 5
32 15 4
33 3 7
22 28 9
20 5 4
14 7 8
6 12 7
25 1 7
39 23 5
0 32 5
10 29 7
0 28 8
38 33 5
24 22 1
38 15 7
35 5 1
0 26 4
25 37 8
19 27 6
8 6 4
25 32 3
23 39 2
12 38 1
27 13 3
37 21 7
27 4 5
31 15 1
38 8 2
34 20 6
37 8 2
20 21 1
10 0 4
10 34 8
15 2 7
4 34 4
12 32 1
38 7 2
24 1 7
2 36 7
8 22 6
11 28 4
30 31 6
21 9 6
33 6 6
8 29 4
26 24 4
27 24 1
23 3 3
22 14 9
16 33 4
31 12 9
30 0 5
14 15 3
28 2 7
37 16 9
6 26 7
5 30 9
24 23 6
4 19 8
36 9 5
1 20 2
12 2 8
16 34 8
38 30 1
2 28 9
26 0 2
30 13 6
7 34 4
33 17 6
35 22 9
36 38 6
27 35 4
9 12 4
17 38 6
31 1 2
21 18 6
14 5 7
24 14 1
29 36 9
25 35 4
18 19 9
13 18 7
28 26 2
9 23 3
13 10 9
13 17 9
10 26 5
3 34 7
31 29 5
15 18 9
17 34 4
19 26 3
5 7 1
35 10 8
36 30 2
30 2 5
19 30 7
14 10 1
1 22 1
15 14 1
23 4 9
14 27 6
23 26 9
23 30 7
11 10 4
29 26 2
30 28 8
34 10 5
38 17 1
24 19 2
30 3 2
13 22 6
14 36 8
18 35 8
1 39 8
21 6 1
5 36 9
8 11 5
12 34 9
8 32 7
20 22 4
0 10 7
2 18 2
16 31 3
28 19 6
14 12 4
11 5 1
4 6 5
11 17 2
37 12 9
32 16 8
35 33 9
31 8 2
22 16 6
32 29 3
34 12 9
26 34 8
39 13 3
1 35 8
6 0 3
4 26 2
27 1 9
11 30 5
21 15 5
14 20 7
19 37 3
9 1 9
1 9 1
20 13 2
23 34 6
30 37 2
25 14 8
5 6 1
0 17 8
0 23 5
29 23 4
1 14 2
32 26 3
39 0 1
27 19 4
32 1 4
9 28 8
18 38 4
28 7 3
27 26 3
39 34 8
3 33 9
0 31 2
31 17 5
18 8 5
28 0 4
13 20 1
35 15 4
0 5 2
24 15 2
7 12 9
15 10 5
25 7 7
27 23 3
19 31 8
26 27 3
25 22 8
7 2 3
31 33 9
8 10 6
7 33 3
1 6 2
20 14 7
17 24 3
21 20 1
23 25 1
35 20 1
30 12 7
3 29 9
8 38 6
1 8 8
1 13 9
31 3 2
18 22 1
15 7 6
3 25 1
1 19 2
26 12 3
10 14 1
0 12 3
31 5 4
32 6 4
24 27 8
36 15 7
39 3 8
31 27 5
15 32 2
35 25 8
22 36 1
2 10 1
20 27 9
37 1 7
13 11 7
10 19 9
30 22 2
20 11 1
26 23 7
12 11 7
15 1 8
0 30 6
21 28 8
26 21 7
26 16 9
0 14 6
19 29 4
16 32 9
29 4 4
9 14 2
37 27 8
22 37 1
8 35 4
15 12 7
28 23 8
18 39 8
19 5 9
32 11 8
9 29 3
35 14 9
2 37 6
10 18 7
27 7 7
34 25 1
2 19 4
36 29 2
26 30 5
15 9 7
34 39 6
25 21 1
20 36 8
20 0 7
27 9 5
39 36 7
26 28 6
33 14 4
20 1 1
37 38 2
11 23 7
10 3 2
26 10 1
33 31 9
21 16 6
19 16 9
33 15 3
37 35 6
18 25 1
8 21 3
0 22 3
39 21 8
39 8 7
5 9 7
34 2 4
3 0 9
15 37 1
14 22 5
28 4 4
7 31 7
12 30 5
19 18 5
16 25 4
17 2 8
37 6 5
23 1 5
19 36 7
25 11 5
35 23 8
10 17 8
12 0 8
32 39 8
17 6 9
26 2 7
20 32 1
34 22 1
20 31 1
1 37 8
3 36 8
25 27 5
8 31 3
16 24 3
5 37 8
4 32 7
14 8 9
7 21 2
18 21 8
39 32 9
14 1 5
16 2 4
1 12 9
27 20 6
10 9 8
3 32 4
11 32 1
8 5 8
33 5 5
8 20 8
15 5 5
15 22 4
25 2 8
12 31 6
22 35 7
30 23 8
2 21 6
14 4 5
20 25 2
9 5 7
14 19 2
37 24 6
2 34 7
13 16 5
35 24 2
25 13 8
17 31 7
30 29 4
27 21 4
7 39 5
13 31 5
16 14 7
31 0 1
16 19 6
30 5 5
0 38 8
15 35 7
16 21 1
36 16 1
2 15 4
23 12 3
28 14 6
21 10 2
36 2 5
5 32 7
38 6 5
29 20 1
13 33 6
28 27 1
7 1 7
16 8 8
32 34 9
21 12 9
30 7 1
3 28 5
30 18 1
15 30 5
9 25 5
12 33 5
30 35 4
22 17 4
26 35 1
33 28 3
6 7 1
17 18 1
4 5 5
6 18 3
21 1 8
33 12 2
12 37 4
19 33 6
21 31 5
16 23 4
32 21 1
24 31 3
35 27 4
1 18 3
21 11 3
1 15 6
27 38 4
28 15 4
34 17 5
18 13 2
38 18 2
36 21 9
21 8 5
34 38 3
2 14 9
1 5 2
22 33 9
27 28 7
22 8 5
5 13 7
20 3 2
39 37 4
10 22 8
37 4 4
39 38 7
25 0 7
0 8 6
34 31 1
4 14 3
17 27 5
9 38 5
14 17 8
36 17 7
15 34 7
4 29 9
37 28 2
8 23 6
12 7 5
21 17 2
2 38 6
0 20 7
0 16 7
13 38 9
15 11 7
18 31 2
6 19 3
19 3 1
16 26 2
0 1 3
7 0 2
8 7 4
11 19 2
28 33 4
31 23 4
20 23 3
6 2 9
35 1 2
9 32 6
39 1 9
30 19 2
5 33 6
35 21 6
4 10 1
31 34 8
23 14 2
21 37 2
29 8 5
37 39 8
28 37 4
33 36 7
18 37 4
23 5 1
22 30 5
4 17 8
13 28 9
24 7 8
1 4 8
13 21 7
6 31 5
1 36 3
24 21 4
10 1 2
10 21 8
39 7 2
34 30 8
23 9 7
13 15 1
11 16 7
22 21 6
15 20 1
32 31 6
38 0 3
7 17 8
11 22 9
27 17 4
24 28 9
35 29 9
35 28 1
6 9 5
10 27 3
35 4 5
25 30 5
33 20 6
28 38 2
30 24 5
13 34 5
22 6 5
21 27 7
5 27 3
18 33 9
34 33 8
17 23 6
9 39 3
35 38 4
28 21 8
11 29 2
17 37 6
12 10 4
23 15 6
8 37 3
34 32 4
24 16 5
1 23 8
17 1 9
36 6 2
1 30 8
14 33 6
33 27 7
34 1 8
4 16 1
17 9 1
6 35 6
5 0 9
12 23 7
3 23 4
30 6 8
20 33 5
18 10 2
35 3 7
15 8 8
1 34 9
11 0 4
23 35 4
8 17 3
19 11 9
2 31 6
2 17 7
34 36 8
7 20 3
20 15 7
4 31 9
36 5 5
13 36 5
17 33 4
19 23 7
9 15 8
11 7 6
14 3 7
18 4 2
20 18 3
31 32 5
3 10 5
36 11 4
28 32 6
10 2 9
31 24 1
30 10 2
6 27 6
20 12 8
25 4 7
28 11 4
37 23 2
7 29 5
6 13 9
34 3 9
28 22 8
19 10 8
12 19 1
33 2 7
8 13 6
33 16 7
28 25 5
17 30 7
12 26 7
37 11 1
38 37 6
20 6 5
13 37 9
8 9 8
5 34 4
15 38 8
22 11 1
17 32 4
34 18 8
9 10 5
5 28 5
17 20 3
22 7 1
2 22 3
27 14 2
35 0 3
25 5 8
11 6 8
17 15 3
22 3 8
34 14 9
38 10 6
28 30 9
25 3 9
34 35 3
24 35 8
17 4 4
2 1 4
33 26 4
3 1 8
32 12 1
39 14 7
28 6 2
13 26 5
0 4 7
31 38 1
22 5 5
21 3 5
35 17 2
36 18 1
27 29 6
7 26 6
12 8 7
16 17 6
33 8 9
18 6 3
17 12 3
26 4 9
23 18 7
21 24 5
29 14 8
30 16 9
6 38 8
9 0 9
4 33 4
25 6 6
3 9 6
29 6 2
37 15 6
37 3 9
32 36 4
17 13 7
26 6 8
25 31 8
32 9 4
29 24 3
7 9 3
32 14 8
6 28 6
34 37 7
31 37 4
26 31 5
34 27 5
38 34 8
38 4 3
29 12 7
0 29 6
19 12 7
0 15 6
9 13 2
9 34 7
23 7 7
0 6 6
1 11 6
15 31 1
12 28 4
19 8 8
1 3 8
29 33 3
14 9 5
4 0 4
38 19 9
8 24 2
17 19 9
20 38 8
24 37 1
3 13 1
27 34 5
18 27 9
12 14 4
5 23 5
17 26 4
5 31 6
21 14 2
30 21 6
32 28 7
21 13 3
18 14 7
32 23 9
26 7 3
1 10 7
9 20 5
29 19 1
39 35 3
8 15 7
10 32 9
10 6 8
3 19 6
28 10 7
24 26 5
16 6 6
24 5 7
30 25 4
25 39 8
11 9 9
24 36 4
7 6 8
36 1 7
39 19 3
29 28 5
5 15 2
25 10 3
34 28 4
7 16 7
32 22 8
11 35 6
39 26 3
12 13 9
29 27 2
31 18 8
34 6 9
9 24 8
34 8 6
36 22 4
21 34 5
19 4 4
30 4 8
19 25 2
36 23 3
39 24 3
18 17 6
33 37 8
23 37 1
6 36 5
30 11 4
6 17 7
7 24 3
10 23 1
4 1 7
3 27 8
0 35 5
30 36 1
17 8 3
1 33 9
19 13 1
32 8 9
9 2 3
26 13 8
8 25 9
38 24 4
13 39 4
21 30 3
1 29 6
16 29 4
30 1 7
26 33 2
34 16 1
17 10 1
33 32 2
36 4 3
31 20 8
3 16 4
35 16 9
35 39 3
12 25 4
30 20 6
1 2 4
39 17 1
5 4 7
5 25 9
23 11 6
10 36 3
32 10 9
30 38 8
26 5 3
3 39 1
32 27 1
33 24 8
26 20 8
25 19 8
19 34 2
32 18 6
39 18 9
25 24 3
36 27 2
7 13 1
38 9 1
36 34 7
3 20 3
10 7 2
13 24 8
31 19 3
17 11 9
36 8 5
24 30 8
14 2 2
14 38 6
25 28 8
3 4 2
20 37 5
8 14 1
2 29 3
25 8 5
34 23 1
12 3 5
4 3 4
11 2 3
31 26 8
21 0 4
38 1 6
38 36 4
32 38 5
16 37 3
9 3 2
6 29 6
32 19 4
14 32 5
18 36 8
16 3 6
36 20 1
4 36 4
37 26 9
30 17 8
0 7 8
39 15 8
25 38 4
6 33 5
0 9 3
22 10 1
36 31 1
39 10 4
38 11 9
38 29 3
31 6 3
28 5 6
24 34 5
15 39 8
27 5 7
26 38 6
10 39 2
22 2 6
4 35 1
13 19 4
33 23 6
25 29 1
25 33 4
18 12 2
4 8 7
8 30 6
0 3 1
13 14 2
20 26 8
37 19 2
21 23 3
9 31 2
31 4 2
37 18 3
2 20 9
24 20 6
17 5 9
32 4 9
9 37 4
7 28 2
12 29 7
14 30 8
17 36 3
6 23 5
15 19 3
7 37 8
12 27 3
34 19 8
28 13 7
22 34 5
21 7 5
12 5 6
38 25 8
21 25 8
36 37 4
32 35 2
18 0 9
26 11 9
12 9 8
20 34 5
7 23 7
6 34 1
19 7 4
29 30 4
38 21 6
18 28 5
4 38 8
11 38 4
10 31 7
16 15 1
18 34 5
21 5 9
19 2 5
29 25 1
39 16 9
4 37 2
11 31 1
7 30 4
31 30 8
8 16 9
11 37 1
22 39 7
15 36 7
34 15 8
6 22 1
38 2 8
7 14 6
0 24 8
5 39 6
20 16 8
14 29 5
12 20 2
35 31 8
7 5 4
36 28 7
3 5 6
38 31 3
11 33 9
31 28 3
34 29 5
32 0 2
24 17 7
30 26 2
8 36 1
6 32 6
18 15 4
35 34 9
14 21 8
19 35 5
3 17 6
3 22 6
23 16 4
27 32 3
28 1 9
19 0 5
31 2 6
22 20 2
1 28 2
7 25 4
35 30 5
10 13 3
29 1 9
9 19 8
28 3 3
21 4 7
27 18 9
9 27 6
30 27 9
1 17 9
21 32 6
31 25 8
3 15 8
2 30 7
22 15 8
31 16 6
22 24 4
6 15 4
27 30 1
26 9 2
2 12 7
10 30 5
4 22 2
14 13 6
36 32 5
32 30 7
40:1088