1 3 2
21 18 8
9 31 5
5 2 9
9 23 5
18 9 8
6 7 4
30 21 5
22 19 3
33 15 2
14 39 6
16 0 6
36 18 7
20 4 7
33 28 6
16 13 6
1 32 7
38 9 3
21 39 2
9 15 1
39 4 5
27 10 4
15 29 3
30 6 5
32 29 8
6 27 8
30 7 6
13 18 7
7 6 1
34 36 1
19 7 8
39 18 3
9 0 2
21 7 5
23 18 9
14 34 1
5 17 1
39 24 4
15 4 4
24 6 7
38 16 8
9 20 3
1 31 2
27 29 7
21 5 7
33 34 8
14 27 2
1 30 5
25 29 6
2 36 9
24 7 8
11 5 6
16 12 8
38 30 1
35 14 3
8 31 3
13 2 4
5 38 2
37 34 6
20 33 7
2 38 4
29 10 6
39 13 4
27 12 3
36 13 6
34 4 9
27 18 9
29 20 2
12 11 4
28 1 3
21 0 4
9 19 9
34 23 9
5 37 4
13 30 5
28 18 2
2 19 2
34 8 3
33 32 5
8 33 3
16 34 3
23 27 1
13 32 6
8 26 2
5 16 7
13 11 2
12 5 4
32 1 3
1 21 7
38 37 5
37 31 3
7 14 9
0 10 9
12 24 6
21 16 7
8 25 2
39 37 1
1 20 9
39 19 4
15 32 8
22 10 7
2 33 3
32 27 9
6 38 6
18 26 5
26 31 4
16 38 7
18 21 5
32 38 1
25 1 8
14 22 7
23 38 4
29 7 6
3 2 2
23 36 7
13 23 6
33 8 4
11 1 4
6 5 3
37 24 3
15 16 9
15 20 3
27 1 8
19 32 4
1 14 1
32 24 2
39 14 2
19 20 4
37 3 1
32 23 1
4 1 2
13 25 4
20 35 6
11 31 9
30 20 8
26 5 3
15 11 5
22 32 5
6 33 8
3 12 7
0 32 3
27 21 2
38 25 6
20 6 8
35 30 4
17 37 2
25 17 6
15 25 4
20 12 5
1 33 9
32 7 3
18 35 3
11 26 9
1 2 8
34 28 9
23 22 6
13 7 6
4 28 2
17 19 8
31 4 6
39 36 5
3 27 6
19 16 8
38 26 1
5 25 1
33 37 8
31 9 6
6 0 1
26 2 3
35 3 5
4 27 8
35 25 2
13 34 6
21 35 9
1 38 4
1 7 6
24 21 2
20 10 1
34 27 4
39 27 9
29 9 4
18 7 1
15 26 4
14 32 8
7 24 7
35 1 5
11 24 4
20 22 2
4 35 7
15 5 3
7 3 3
30 38 7
4 10 1
10 25 9
2 7 1
30 16 1
21 20 6
24 25 6
26 12 6
10 17 7
36 32 3
36 31 3
18 0 8
26 32 6
39 10 7
13 10 5
22 12 3
10 6 9
31 7 6
9 24 6
7 30 7
11 13 8
33 25 8
19 27 8
39 38 3
25 30 1
3 14 1
18 1 3
8 14 6
19 10 1
35 0 2
22 14 7
3 34 8
33 39 7
8 4 7
35 12 4
29 15 1
38 27 3
35 2 7
32 5 5
22 11 8
28 37 1
18 33 2
33 14 6
1 10 1
0 34 7
0 39 5
29 27 9
39 11 9
35 9 4
36 33 2
32 20 4
34 26 4
4 16 3
10 20 6
25 8 7
30 28 6
35 33 4
11 29 1
9 38 3
35 17 7
27 13 7
32 37 8
0 22 5
37 28 3
11 14 3
18 4 5
13 1 6
25 0 1
11 4 2
20 31 3
5 30 8
24 17 9
35 11 3
12 17 6
24 28 6
1 36 3
21 19 4
17 8 4
2 10 5
2 17 8
16 35 2
16 20 2
3 23 3
34 29 6
4 31 1
25 13 7
13 36 9
22 16 6
18 10 8
13 0 7
28 32 3
9 3 5
27 2 9
11 8 2
26 34 2
2 5 5
14 5 3
34 10 7
4 37 1
15 3 7
28 26 1
36 4 4
2 15 1
28 30 1
7 9 9
37 23 5
22 18 9
14 21 1
4 3 3
19 0 7
36 9 6
34 6 9
26 37 9
19 36 6
2 18 8
26 36 9
15 8 1
7 16 5
29 2 1
3 9 1
24 14 2
16 2 5
15 9 5
15 2 8
1 27 9
15 33 6
24 39 3
32 11 8
8 39 2
10 36 4
26 19 5
24 18 6
28 19 7
3 5 9
12 27 6
26 3 3
27 31 3
30 31 4
20 0 4
26 18 2
32 6 6
6 17 6
8 13 9
30 2 6
19 5 6
33 29 5
15 12 3
28 39 4
35 6 9
16 21 4
5 22 3
0 26 9
32 21 3
18 2 6
17 3 9
29 0 5
37 17 4
28 14 7
22 25 8
16 5 7
30 15 9
19 26 9
29 5 1
3 38 9
8 18 8
16 27 3
13 21 1
9 4 3
3 4 3
7 18 5
7 8 2
30 5 1
38 1 3
31 34 8
38 24 8
17 7 8
11 30 5
8 17 1
29 23 5
34 33 6
30 22 2
14 12 2
20 3 7
24 27 6
18 27 6
18 38 5
23 26 7
6 1 3
7 22 4
31 18 9
36 28 3
3 0 8
37 7 9
35 31 2
22 20 3
24 12 2
2 28 3
12 23 2
8 32 8
17 16 6
37 39 9
14 7 6
12 15 8
26 16 7
22 33 8
17 39 4
5 26 4
25 9 5
3 35 4
17 0 5
39 25 3
12 2 4
39 2 1
20 21 1
38 7 3
39 17 9
3 11 2
30 11 2
25 2 3
14 28 2
6 22 4
26 8 5
18 23 4
10 0 7
10 26 5
16 36 1
36 14 6
33 22 2
6 2 7
19 17 6
20 11 8
7 27 6
20 7 1
7 31 1
36 6 3
10 23 2
12 6 2
28 29 4
12 21 7
12 1 6
32 26 9
0 13 6
21 31 6
22 15 7
33 0 3
14 1 5
33 10 3
35 10 8
39 28 8
31 3 7
4 7 4
3 30 2
23 14 9
32 8 4
34 7 2
10 22 2
11 2 6
26 11 2
9 21 5
2 20 1
21 38 1
31 32 9
14 30 4
21 6 2
14 35 8
5 11 4
17 11 8
26 13 3
34 12 4
20 9 5
29 21 8
6 15 1
27 26 4
24 20 1
15 0 8
39 26 7
30 8 3
33 2 9
38 8 1
6 14 9
27 14 7
10 38 2
4 17 3
2 9 8
20 23 5
5 13 7
8 5 7
30 33 6
23 0 6
1 17 3
19 25 7
25 31 3
3 22 9
31 0 7
35 13 3
5 21 1
35 5 9
29 31 9
37 38 6
31 5 8
38 4 7
29 38 9
21 15 7
31 24 8
5 31 3
23 37 2
20 14 8
8 38 8
7 15 3
20 32 5
7 1 2
2 27 8
4 23 1
16 32 9
23 4 1
15 17 8
14 24 7
21 29 9
14 3 9
23 16 8
39 21 5
39 31 5
33 16 7
15 6 2
19 4 1
6 26 1
10 14 6
25 16 7
26 7 9
23 35 9
4 15 9
0 2 5
12 18 9
27 20 3
37 32 3
15 13 4
5 10 5
33 13 3
22 17 2
11 7 2
26 39 4
36 39 5
7 39 1
15 21 9
6 23 7
31 37 2
3 25 9
37 22 7
16 39 1
21 26 1
1 16 9
24 15 7
12 26 4
10 15 4
33 23 9
32 13 3
5 8 6
19 29 8
27 15 2
17 2 7
23 12 6
17 9 8
28 36 6
29 18 2
21 25 6
27 6 1
39 23 5
14 18 2
0 35 2
13 12 9
15 34 7
3 20 3
24 4 1
31 13 5
9 35 6
11 12 5
37 16 5
34 18 2
25 20 1
12 37 7
18 12 1
1 22 7
6 28 9
18 37 8
38 18 6
33 30 9
28 20 2
19 30 5
16 22 3
26 4 7
6 29 4
0 28 4
20 38 2
36 19 9
26 35 6
27 24 8
12 28 1
27 38 4
15 31 3
5 24 7
37 36 9
25 15 3
4 29 7
32 16 7
0 15 4
2 37 4
35 21 7
12 29 5
17 35 6
18 17 7
31 26 1
0 31 1
36 38 1
34 17 3
14 31 4
30 27 9
24 26 3
9 6 7
12 39 2
1 18 6
13 4 1
6 31 7
36 37 9
23 31 1
28 23 2
31 23 6
18 25 9
22 9 4
39 7 3
0 4 4
0 8 4
28 11 8
35 18 7
29 11 3
30 39 3
3 17 9
8 20 3
5 20 5
29 8 1
9 30 4
7 10 1
15 35 2
33 27 5
15 24 3
38 0 9
17 34 5
36 24 1
21 11 2
14 0 5
23 10 8
20 19 5
39 29 6
32 31 4
37 4 6
33 4 6
34 25 2
9 28 7
1 11 7
14 33 5
16 9 7
31 22 8
36 35 4
38 23 3
34 3 2
29 36 9
26 14 3
6 3 8
3 24 5
4 0 4
14 37 4
15 19 6
19 14 5
8 19 4
30 25 1
0 30 1
35 16 3
27 39 3
38 17 6
15 38 9
20 15 6
37 1 9
16 4 6
39 32 6
3 33 2
7 20 8
18 14 4
12 13 6
13 8 9
12 4 6
21 4 3
17 21 5
7 38 2
24 1 3
22 7 9
6 13 6
4 19 5
36 5 4
10 33 1
8 24 2
36 1 5
14 4 6
4 36 3
11 20 7
26 21 6
37 8 9
25 36 4
35 8 9
30 12 7
29 14 7
11 32 3
21 33 2
17 31 2
34 1 3
7 36 6
32 17 5
38 12 7
35 7 1
26 25 2
38 11 8
6 25 3
5 36 6
37 26 9
28 34 2
37 13 9
14 13 2
17 38 5
18 16 5
29 12 7
12 36 2
21 17 8
37 35 3
31 17 3
30 17 3
34 39 3
38 13 7
6 18 7
9 8 5
19 21 2
21 2 9
7 12 8
37 9 1
33 1 8
0 37 7
5 15 9
0 27 3
25 33 3
23 5 8
3 31 4
38 36 1
8 30 4
29 37 5
1 9 4
12 20 1
3 15 1
6 8 9
37 0 5
20 26 5
17 28 6
21 1 2
0 6 2
3 29 6
11 18 8
6 34 9
24 34 8
19 33 3
38 29 1
18 8 2
23 2 5
23 25 5
30 19 5
39 34 1
26 30 2
32 14 4
1 39 1
9 22 5
30 23 3
10 21 7
15 22 9
14 11 1
26 1 6
23 6 2
8 23 9
19 15 9
5 28 8
16 7 6
16 37 5
27 9 4
13 31 9
39 12 8
22 6 5
4 20 8
32 39 6
36 34 7
25 34 2
30 13 1
36 10 3
16 19 4
31 33 8
9 32 4
18 30 6
17 27 4
10 8 4
13 17 6
10 30 1
22 37 5
10 39 5
16 8 4
16 25 6
24 8 9
40:800