37 40 3
22 43 6
6 35 7
22 2 2
5 45 5
8 1 6
28 25 3
20 48 4
18 37 2
15 49 6
29 16 8
5 17 3
29 12 7
20 28 5
48 12 1
44 8 1
45 14 2
16 33 5
48 29 4
9 11 2
46 31 9
23 11 5
33 11 7
34 35 3
30 48 8
15 6 8
33 47 8
35 47 2
47 41 8
48 15 3
5 44 3
19 38 1
6 4 5
23 10 7
32 42 6
25 46 4
33 36 4
32 49 3
14 30 2
49 4 5
32 21 1
42 2 8
24 10 5
48 45 9
13 31 7
15 45 6
32 19 8
11 36 8
35 22 4
18 1 2
21 26 7
31 15 3
5 48 8
37 8 9
42 18 6
29 43 7
35 33 2
3 43 1
8 20 6
48 40 3
24 41 4
1 12 7
26 33 9
23 42 1
12 0 3
41 3 8
20 40 1
48 42 9
22 41 6
25 17 4
33 44 2
33 15 6
15 11 1
38 24 4
28 41 1
30 22 9
16 31 6
19 9 2
33 49 4
7 17 5
25 10 8
10 36 9
44 27 9
46 41 8
36 48 8
49 30 2
29 28 1
29 30 6
20 49 8
12 8 5
21 24 1
44 3 9
17 7 3
10 7 5
36 5 8
18 49 1
5 25 4
31 20 2
35 38 2
41 42 8
16 41 1
0 31 8
11 26 9
3 12 8
9 14 7
27 33 8
6 24 5
27 0 7
10 1 5
15 43 4
26 27 9
38 17 8
49 24 1
29 33 8
40 7 4
41 48 8
19 46 4
39 6 1
38 12 4
25 5 5
32 9 5
32 2 8
6 32 4
43 39 3
7 34 9
40 45 5
46 10 9
30 18 6
25 37 4
42 28 8
13 45 8
30 36 3
27 8 5
19 44 8
47 21 1
33 32 8
15 4 4
26 11 6
19 49 5
43 28 4
41 19 6
16 2 8
10 11 1
17 39 9
0 1 3
30 49 4
16 24 9
19 4 3
26 35 2
16 46 4
3 33 2
0 13 8
9 23 7
5 30 4
14 9 3
8 49 9
5 24 9
6 23 5
14 38 8
15 33 7
43 35 2
22 17 5
41 39 7
2 23 2
5 40 5
0 42 6
43 44 6
32 45 5
33 9 4
45 5 3
48 5 6
21 31 9
10 16 2
2 13 5
27 30 3
33 24 4
46 2 6
26 40 4
43 45 9
3 44 2
38 27 9
24 17 3
13 43 1
48 46 3
29 21 9
25 1 4
34 26 5
9 16 7
9 17 6
32 39 3
34 16 8
17 34 9
2 10 6
23 43 6
20 43 1
19 14 7
22 3 6
9 12 7
6 39 2
38 5 8
0 34 8
10 44 3
38 44 4
32 22 4
42 46 1
4 11 6
19 12 5
26 3 4
12 44 4
46 37 1
8 48 4
42 30 8
32 14 9
14 19 1
33 37 4
41 23 8
14 27 6
0 19 9
40 41 6
5 20 6
46 11 5
7 47 8
35 21 6
1 29 7
18 27 2
19 43 5
19 31 7
26 12 6
7 8 1
43 36 7
17 0 9
20 25 5
29 26 2
13 9 8
20 42 9
4 18 7
31 1 5
33 45 9
37 6 7
15 34 4
36 44 6
0 47 6
19 41 3
8 21 2
40 37 9
0 15 3
18 33 6
0 39 3
48 43 6
41 20 6
11 39 1
14 20 8
3 47 7
21 12 6
45 32 2
15 37 5
2 46 6
39 5 3
47 12 8
22 19 3
4 25 2
4 40 8
1 2 3
35 26 3
16 8 7
25 29 5
38 21 3
2 36 8
45 25 3
28 36 7
31 22 4
4 0 7
8 32 1
22 49 3
36 8 4
5 1 2
18 4 8
9 18 8
45 41 6
17 4 5
29 40 9
36 32 2
34 49 6
23 47 2
5 18 6
23 27 6
38 28 1
45 42 7
2 16 3
12 25 5
6 37 5
14 3 5
28 19 4
31 26 9
4 34 1
28 2 7
36 30 1
2 17 4
35 0 9
43 27 1
37 29 4
28 31 1
11 49 8
24 34 1
18 36 9
42 34 6
49 7 9
27 21 8
47 34 1
9 28 8
22 6 6
21 40 7
14 10 5
20 47 5
38 47 8
22 20 9
4 23 2
28 22 1
12 23 5
31 28 3
28 42 9
46 32 7
43 21 3
35 2 6
5 37 7
13 7 8
13 26 1
21 19 4
6 29 1
31 4 8
1 26 2
43 37 1
44 22 5
31 6 5
8 13 6
25 3 7
18 16 8
1 41 3
46 0 1
25 38 4
20 39 7
49 25 7
29 37 2
30 47 7
40 38 6
19 2 3
31 18 6
2 3 3
23 44 3
33 7 1
49 31 2
8 0 1
49 41 5
45 40 1
17 41 7
30 14 2
15 23 7
5 23 4
4 5 7
33 29 3
4 7 4
16 3 7
44 1 3
3 42 7
22 0 7
23 40 2
42 39 3
39 36 8
41 27 7
3 16 6
20 6 1
33 48 2
39 7 3
28 6 1
27 44 9
45 6 8
35 14 7
30 34 6
39 12 9
5 36 5
47 7 5
12 18 8
49 8 3
28 13 1
5 35 8
24 0 2
7 12 6
9 29 9
1 16 6
38 39 8
16 17 7
12 13 6
28 29 3
30 12 6
42 3 6
19 36 1
17 44 5
10 32 7
10 12 5
39 41 3
47 1 4
37 12 2
30 45 5
2 48 8
6 30 4
6 8 1
9 44 5
4 16 1
24 16 4
26 13 7
29 4 2
3 1 3
16 39 3
39 31 5
42 48 5
23 28 7
41 10 4
19 25 1
7 20 4
34 31 9
13 0 8
44 45 7
7 36 6
22 9 7
49 19 9
0 16 7
47 46 2
13 28 9
43 31 7
24 44 8
8 28 8
17 24 9
22 23 1
48 14 6
25 40 3
13 42 7
46 47 7
3 15 6
21 6 4
29 36 2
34 48 7
33 14 8
4 15 4
27 13 7
14 45 4
2 40 3
45 2 6
41 46 6
29 39 2
35 24 9
35 4 8
10 6 9
11 21 8
46 25 8
15 10 6
10 47 3
4 13 5
48 7 1
29 23 9
9 26 5
4 22 4
5 34 1
37 10 5
37 4 8
7 44 8
3 4 2
32 5 6
2 43 2
22 27 9
30 2 9
19 8 8
40 15 5
11 43 4
17 29 3
3 11 7
9 36 4
32 16 1
12 40 4
7 23 8
37 23 1
15 40 8
20 44 5
44 7 4
49 13 4
40 33 5
37 3 2
0 11 6
19 37 2
32 13 2
21 17 1
46 17 9
39 21 9
27 3 5
35 17 1
24 19 5
23 38 7
16 36 6
42 49 1
17 10 7
31 37 7
14 25 6
23 35 4
22 26 2
5 6 2
15 16 8
23 12 3
43 7 5
46 3 3
41 2 1
42 44 9
10 9 1
48 20 2
27 18 4
19 39 2
26 8 1
11 3 4
42 5 8
1 32 3
39 16 6
2 14 8
27 29 3
21 22 9
49 0 3
25 11 8
34 17 9
4 31 9
32 46 3
9 5 6
36 41 6
15 32 1
43 11 3
10 18 3
37 9 7
31 21 8
36 4 6
30 32 7
47 20 1
4 33 4
33 16 1
48 27 9
18 35 2
22 40 4
23 7 4
2 27 4
6 45 9
16 9 9
35 30 8
3 28 8
47 14 3
27 10 6
1 47 2
33 35 5
19 18 6
22 21 8
43 14 2
45 29 6
44 2 4
29 42 6
34 21 6
19 1 7
23 32 4
29 11 7
14 33 2
11 37 3
49 17 2
17 36 9
16 43 8
19 22 7
39 22 4
20 0 1
11 0 1
20 5 7
43 46 8
17 46 6
2 28 7
45 22 4
43 15 1
44 25 5
40 32 4
31 49 3
45 49 6
46 34 3
31 36 8
39 44 2
11 24 8
43 48 5
38 8 8
20 33 9
17 3 8
32 44 8
49 3 6
5 16 7
35 39 6
32 27 8
15 12 3
38 0 3
1 17 6
42 0 6
32 0 1
14 1 3
28 18 1
3 17 6
30 3 1
48 0 6
3 7 2
20 7 1
6 33 8
38 16 7
20 17 5
11 8 7
43 20 2
21 10 2
12 36 1
38 30 3
8 40 8
30 20 2
27 7 6
49 33 2
44 29 9
20 45 9
15 22 2
24 45 8
42 41 9
32 15 3
15 26 4
38 46 5
43 49 3
6 31 7
36 1 3
20 13 8
8 19 9
18 48 9
36 18 2
5 41 3
35 27 9
30 41 5
32 34 3
47 4 3
44 20 7
0 17 6
14 13 5
29 15 4
49 27 5
19 3 4
43 34 3
49 16 3
24 18 6
12 20 1
6 10 5
15 35 6
34 7 1
6 19 7
15 39 5
44 6 7
31 39 2
18 44 4
27 31 1
49 5 5
36 47 7
39 42 2
25 0 5
11 33 5
22 1 3
2 47 5
31 46 1
15 42 1
47 2 6
12 19 7
24 22 4
15 27 7
14 49 9
42 35 6
21 33 9
43 40 8
39 15 3
13 33 2
42 33 8
44 49 6
20 11 6
44 15 2
35 20 3
36 21 6
28 35 1
39 2 9
40 14 6
39 23 7
35 46 9
19 28 1
30 10 7
2 32 8
31 34 6
45 37 4
43 1 2
18 13 3
5 31 2
5 22 6
17 26 1
8 41 2
23 21 3
1 0 6
9 37 8
11 22 2
47 19 3
33 21 5
7 24 2
4 46 9
18 8 2
10 37 5
15 38 8
33 12 9
49 21 6
36 14 7
39 47 4
1 46 6
1 4 7
34 38 2
2 12 5
49 15 1
2 29 9
13 4 8
44 10 9
44 0 1
16 18 2
2 25 7
1 14 6
44 31 4
44 28 1
18 19 2
32 35 2
40 17 3
37 22 1
16 34 4
0 46 3
11 19 7
6 21 7
22 46 8
37 21 5
16 1 2
19 6 2
23 15 5
5 29 1
44 30 4
11 25 2
34 22 5
45 10 2
46 15 9
45 44 7
0 35 8
25 43 6
39 25 9
40 29 7
20 41 7
44 38 7
14 15 4
17 20 4
39 30 2
6 28 2
44 33 5
7 33 8
22 47 5
12 22 6
3 9 4
48 25 1
5 13 8
7 25 5
47 11 7
8 6 8
39 32 6
9 6 4
17 2 2
24 5 5
34 10 7
40 44 1
0 48 7
14 40 8
4 3 2
24 8 4
49 45 3
43 3 8
18 42 2
30 35 2
22 31 3
38 9 1
2 38 3
28 11 9
30 13 7
15 29 8
40 48 3
27 5 4
11 10 6
7 13 1
40 0 5
33 18 4
24 25 2
11 5 3
22 29 7
4 39 7
6 9 1
42 19 7
1 44 5
40 18 8
30 6 3
1 27 7
44 41 9
5 26 3
41 33 7
24 3 2
43 10 5
6 0 4
45 20 2
12 39 9
29 22 6
17 33 7
36 26 7
39 9 3
12 49 1
32 38 3
5 49 4
1 40 8
3 5 5
31 25 8
13 11 5
16 48 6
34 0 2
38 11 7
21 5 5
47 31 8
34 36 4
9 33 3
4 21 8
14 17 3
0 7 4
21 13 2
49 23 8
45 8 6
28 5 7
14 42 2
13 20 9
15 46 9
3 45 3
48 24 6
3 0 9
17 16 7
16 30 6
38 43 6
36 33 3
35 8 2
28 26 1
43 42 5
4 6 5
17 9 3
37 18 6
0 9 1
17 25 3
34 24 7
19 11 6
10 0 8
37 38 2
7 48 4
18 7 2
34 20 2
10 17 8
19 23 3
27 26 6
4 9 9
41 22 1
14 11 5
40 39 6
47 9 1
27 46 2
4 2 2
25 35 6
19 30 5
24 35 3
42 29 2
24 42 3
16 6 4
0 33 8
33 22 7
18 46 3
9 0 9
31 47 8
2 6 9
46 33 8
42 8 7
18 29 4
34 37 8
20 19 8
9 49 1
47 6 9
27 6 8
30 31 5
43 2 4
26 44 8
40 1 2
21 8 1
27 40 6
8 18 4
43 41 1
24 21 9
36 27 7
0 2 5
2 18 1
39 14 8
36 38 9
3 22 2
37 41 5
19 26 4
1 30 3
35 3 8
4 35 9
11 30 4
28 14 2
13 35 5
18 28 4
10 14 4
32 25 7
2 5 7
43 19 3
8 2 3
26 22 1
18 39 9
18 6 1
45 30 5
24 30 4
41 15 7
6 17 3
21 42 6
10 25 9
27 15 3
47 3 8
32 18 5
25 44 4
7 1 3
26 21 3
44 5 7
31 24 5
25 33 1
7 40 4
29 8 4
26 17 5
17 11 4
45 36 1
38 1 2
12 6 5
5 32 2
32 6 7
30 44 7
14 46 7
26 47 2
17 37 2
41 47 9
36 2 2
32 33 1
19 16 5
47 33 6
7 29 6
27 4 7
22 8 2
12 48 5
40 13 9
43 8 3
17 8 4
14 8 7
46 29 5
37 0 4
23 18 8
31 5 4
24 4 4
14 29 8
36 11 4
26 36 7
16 37 7
37 46 4
44 43 1
37 16 1
29 18 4
44 14 9
7 11 5
34 41 6
9 25 6
33 4 7
30 11 6
18 47 9
25 4 6
17 12 5
43 18 1
27 11 2
48 11 1
9 30 1
1 3 9
24 46 3
4 19 4
21 28 2
41 49 3
10 23 2
38 45 1
47 17 7
26 16 9
16 11 7
31 3 7
21 29 8
46 20 1
41 38 1
44 37 5
0 41 7
44 21 2
48 17 7
12 5 4
1 15 5
2 39 6
38 22 7
3 27 7
2 11 4
11 13 4
11 45 6
32 11 2
12 1 4
27 9 7
44 48 1
49 12 2
21 32 3
21 43 9
48 33 2
26 32 1
23 45 9
34 13 2
48 28 2
4 32 9
25 23 4
21 1 4
12 24 8
35 36 6
0 21 7
42 14 5
10 26 9
6 3 8
36 37 9
15 31 3
28 33 7
31 16 6
11 41 9
14 7 5
16 38 2
45 3 7
47 8 9
16 7 1
23 46 3
28 46 6
30 43 8
41 45 3
6 11 1
30 24 5
9 10 1
41 36 8
12 32 1
45 48 8
37 24 2
1 28 2
32 31 1
19 29 8
41 30 3
11 42 4
10 19 4
3 32 1
42 15 5
21 38 1
35 34 1
2 22 9
1 25 3
8 4 9
48 21 4
44 42 4
30 23 5
43 12 6
12 2 9
24 49 9
36 40 2
31 2 6
3 19 1
11 20 1
0 32 6
36 46 6
39 38 2
1 48 5
37 33 5
25 42 7
22 7 7
45 0 3
33 25 7
28 40 9
22 25 1
16 47 4
42 22 5
19 42 6
25 19 9
7 21 7
45 19 5
28 47 5
24 23 1
5 12 6
9 3 7
24 6 9
36 22 3
20 10 9
47 35 6
34 32 9
33 5 2
14 39 3
35 37 8
6 12 5
48 44 5
34 4 9
0 6 4
34 25 4
32 20 5
39 34 1
15 18 2
45 1 9
27 45 6
47 5 9
19 15 6
35 5 9
21 25 6
13 40 3
26 38 7
49 43 5
5 27 3
42 36 5
0 12 8
44 9 8
32 17 2
20 4 3
18 45 1
10 30 1
26 7 9
42 12 8
35 1 2
10 13 8
35 45 3
6 42 1
19 0 7
43 38 9
31 23 4
0 36 2
37 2 4
31 42 1
6 47 2
41 4 6
8 46 2
2 20 7
32 1 9
47 23 6
45 15 2
7 35 6
41 25 5
28 20 9
28 16 1
23 36 3
37 1 4
9 31 2
31 48 2
13 49 9
3 24 7
42 45 1
28 34 1
16 12 6
1 9 3
33 41 2
1 6 1
3 49 8
8 7 3
7 4 9
41 14 6
2 8 2
32 37 4
24 39 7
25 24 9
19 20 3
42 27 8
18 30 6
30 5 6
17 14 6
21 45 3
35 23 5
4 24 3
11 40 9
41 13 4
17 5 4
10 49 5
46 18 6
15 1 3
49 6 6
26 15 9
6 27 2
4 47 5
39 24 6
32 12 4
39 3 9
33 17 1
49 29 5
3 2 5
43 23 2
29 14 7
0 49 3
17 45 5
3 14 7
9 40 8
19 34 1
8 12 4
11 44 1
2 41 8
24 27 8
38 49 6
43 17 2
5 14 8
16 21 4
29 2 8
37 47 6
25 31 1
0 40 9
31 14 6
34 30 8
1 24 6
16 14 4
49 1 9
10 41 5
9 1 3
3 26 1
21 0 5
25 39 8
41 17 5
40 46 5
33 1 4
22 37 8
29 0 1
22 24 3
6 1 1
27 23 6
8 23 6
29 20 1
6 20 2
40 47 4
27 41 1
20 24 7
23 1 3
4 10 5
2 15 9
26 24 6
14 36 2
0 44 8
13 41 2
47 27 1
25 27 6
8 11 7
28 45 5
21 48 8
25 8 6
45 21 4
27 34 8
32 43 5
23 9 6
0 3 7
15 2 4
21 2 5
7 49 6
40 6 8
31 19 9
15 28 3
36 3 7
35 19 7
34 9 7
33 20 7
32 40 6
10 38 9
30 19 7
11 4 4
7 30 6
35 32 6
3 46 4
27 14 5
3 48 7
26 1 5
3 35 2
4 12 7
18 11 6
21 3 1
38 19 4
2 31 5
22 18 7
26 31 8
42 26 6
30 46 5
43 32 2
37 17 9
4 48 8
37 15 6
34 12 6
0 22 9
8 25 8
4 43 1
36 45 5
7 5 2
35 42 4
45 31 1
37 27 6
5 42 4
11 14 6
21 30 5
2 0 7
34 40 9
19 24 8
13 24 9
12 16 8
15 3 8
33 27 6
47 16 7
10 35 3
39 27 6
25 7 1
19 13 8
49 28 9
6 16 9
1 35 1
0 43 9
3 40 9
25 21 7
15 41 6
23 24 5
36 23 1
37 28 8
3 41 9
38 36 5
34 44 6
2 35 5
20 1 8
48 26 8
13 3 7
47 10 1
25 20 4
3 20 1
21 18 1
17 27 7
37 25 2
22 16 5
27 47 6
25 32 4
8 16 7
8 26 4
36 29 6
18 31 6
16 0 7
42 40 6
0 23 1
23 48 2
2 30 3
43 30 3
41 28 1
30 15 1
12 47 2
14 47 4
49 26 8
3 8 3
12 21 8
39 49 2
41 5 7
46 6 5
5 2 4
37 49 5
45 39 6
9 22 8
24 47 1
40 23 8
34 27 5
23 31 4
29 44 1
10 8 2
36 12 6
10 2 9
46 5 2
42 6 3
29 7 5
39 18 5
11 16 7
38 32 5
40 27 7
13 1 8
20 16 8
14 0 4
4 14 1
39 26 8
10 4 3
24 32 9
25 30 6
10 39 1
31 40 6
44 47 3
40 26 7
8 36 2
11 47 9
12 27 4
10 34 7
29 35 4
6 15 4
16 29 1
13 15 3
36 10 8
39 40 2
21 36 9
4 27 9
49 10 5
6 26 2
45 26 9
10 5 9
12 31 9
15 17 3
47 25 4
28 39 5
23 30 8
25 15 5
41 43 8
22 15 5
42 10 7
7 9 4
8 22 1
6 34 6
16 42 8
32 41 8
46 8 8
7 45 6
37 7 8
44 19 5
20 21 3
40 43 6
49 46 9
35 11 7
1 19 3
31 10 9
28 0 8
13 6 5
20 14 5
14 48 8
35 10 4
37 44 2
7 28 1
18 9 9
4 26 9
15 48 3
11 18 7
39 1 9
1 8 9
24 28 1
45 23 5
11 27 1
46 19 2
12 46 7
49 20 3
16 15 6
10 20 6
43 26 2
23 25 5
2 9 8
27 12 9
25 12 3
13 22 3
43 33 3
37 20 2
14 44 8
18 34 9
27 16 4
1 20 7
15 47 7
0 4 7
40 4 7
41 9 6
19 27 9
6 36 7
44 4 4
44 13 6
4 30 6
11 9 8
19 45 6
29 34 1
18 26 7
26 25 8
36 31 3
30 25 1
24 40 2
47 28 3
12 38 5
32 28 2
21 27 8
46 16 1
42 38 7
18 20 3
26 34 6
26 39 3
5 38 9
22 33 5
1 31 1
1 21 2
48 41 2
41 32 7
14 23 6
10 33 7
26 49 9
40 34 7
33 34 1
13 25 3
42 17 9
27 24 8
7 37 6
45 17 5
34 47 6
5 19 8
49 39 6
22 5 4
48 34 3
8 45 9
41 29 6
12 37 8
34 46 8
23 19 3
48 16 1
30 33 2
21 4 8
21 11 7
23 0 7
28 44 1
13 23 9
9 13 8
16 20 8
35 16 5
4 28 3
7 19 3
26 42 3
16 45 5
10 24 4
7 16 4
6 5 7
27 43 8
33 30 8
41 44 7
29 48 2
40 22 5
21 37 7
1 42 6
6 2 5
12 11 9
49 18 5
49 11 4
35 41 7
8 39 8
0 30 1
31 45 1
35 6 9
48 39 6
26 9 3
32 30 5
3 23 2
17 43 2
38 29 9
10 45 5
10 27 9
49 32 4
28 30 2
38 42 5
23 34 7
15 7 4
48 3 5
9 43 2
13 8 8
0 45 5
28 21 3
34 19 5
0 18 3
40 28 6
34 11 3
8 27 5
17 21 8
34 29 5
25 9 9
44 16 3
13 38 7
25 13 4
12 10 7
25 2 8
49 36 5
16 4 6
47 39 1
40 25 3
46 23 9
22 28 8
25 14 1
28 38 7
11 17 8
42 47 4
11 29 9
26 4 2
20 22 2
30 16 8
20 12 8
35 9 3
13 21 1
13 2 1
31 17 1
0 38 7
7 22 8
29 45 1
14 18 2
5 4 5
31 7 6
11 2 2
41 11 3
24 43 2
37 11 3
35 18 9
46 40 2
39 19 8
26 6 9
31 0 3
6 40 9
4 45 4
29 47 6
3 10 7
19 10 2
30 4 7
14 31 4
40 11 8
38 37 9
49 9 1
44 18 9
25 34 9
10 15 8
36 6 9
24 37 3
40 36 7
46 1 4
37 42 4
25 18 7
47 37 7
6 44 4
1 45 7
7 46 5
22 13 2
32 24 4
2 1 5
26 19 4
45 12 2
10 29 9
27 42 2
44 40 2
4 8 7
45 46 3
27 49 3
33 43 5
18 0 1
26 41 2
17 49 2
7 18 7
26 23 6
8 17 6
47 0 9
44 46 8
41 0 4
17 32 6
19 5 5
36 19 6
19 47 9
8 42 2
39 43 7
30 28 8
26 48 5
34 45 9
15 20 1
37 14 3
38 33 5
29 41 1
34 14 8
48 8 4
6 43 7
23 22 1
42 13 7
41 6 8
45 4 7
12 26 3
28 23 6
24 14 7
39 35 8
48 30 1
33 39 3
47 24 1
29 46 9
3 34 8
14 5 5
46 30 2
24 36 1
8 47 5
1 22 6
1 49 8
28 27 6
18 3 8
4 44 4
20 31 1
16 26 6
29 32 9
34 43 7
7 15 9
9 48 7
48 32 4
10 28 9
29 3 2
8 10 2
27 1 5
47 40 5
39 4 1
17 48 4
35 15 4
28 43 1
9 27 9
22 30 2
27 35 1
3 36 1
5 8 9
28 7 9
21 35 2
10 42 8
0 28 9
35 25 5
0 29 6
16 13 4
35 28 9
46 45 7
13 27 9
23 16 7
5 7 9
37 34 8
48 49 1
41 12 6
8 38 3
41 21 7
45 43 4
7 27 8
48 10 1
5 28 4
7 0 7
22 35 7
31 12 9
4 49 8
4 41 3
13 32 4
45 18 7
38 35 8
10 22 1
13 5 5
35 44 9
24 33 7
34 1 6
37 43 8
20 46 9
45 27 8
49 2 9
13 19 3
40 21 6
29 27 8
37 30 8
16 25 2
22 34 4
46 9 6
32 26 2
2 24 2
4 20 1
17 18 6
13 14 8
6 13 8
25 26 9
26 29 3
9 46 2
41 40 8
9 38 9
46 38 8
28 37 8
19 33 5
11 31 9
7 39 2
34 5 9
22 32 3
5 46 7
18 21 4
9 15 1
38 41 3
13 16 5
9 41 3
36 20 5
2 37 6
34 42 5
44 11 2
49 42 7
13 29 5
45 34 3
46 28 3
42 7 9
32 7 8
48 37 9
36 16 4
40 5 3
8 9 6
23 33 4
10 3 5
1 38 9
23 8 5
8 30 1
2 7 7
29 5 2
23 37 4
23 20 2
47 49 4
16 44 5
28 10 3
41 35 5
43 0 9
9 7 6
31 27 7
5 11 2
16 10 7
39 37 8
13 18 5
42 32 3
44 39 8
7 41 3
17 6 8
48 9 8
31 38 3
8 14 8
33 0 6
20 34 1
40 12 2
7 3 4
41 31 7
0 24 4
38 14 9
15 30 2
24 12 1
18 41 5
20 35 9
22 38 5
46 7 2
22 36 9
34 6 4
1 10 8
11 15 4
38 34 3
27 36 1
43 4 1
35 7 9
18 43 8
9 19 7
49 44 8
32 4 4
18 12 3
33 3 7
8 29 5
28 3 3
39 17 5
12 17 8
3 25 1
17 19 4
36 25 9
12 14 9
38 48 1
11 38 2
15 14 1
24 13 4
46 48 2
15 36 5
30 27 8
11 23 8
14 35 1
4 42 8
14 43 1
39 45 9
23 6 7
15 44 2
42 16 5
42 37 3
26 20 1
24 11 4
27 37 6
21 46 3
31 41 9
22 42 9
37 32 1
22 44 7
47 26 4
38 3 9
38 2 4
10 40 3
26 45 6
9 21 8
47 18 3
42 9 8
36 35 3
1 11 4
3 38 4
31 35 5
34 23 4
36 43 4
49 35 8
30 38 2
46 39 7
6 14 9
24 1 9
17 23 5
29 6 9
13 36 3
27 20 3
40 10 9
48 38 5
16 23 3
46 22 3
47 22 6
8 43 9
30 42 5
46 49 7
30 26 9
20 18 4
28 8 8
18 2 1
7 42 2
37 5 2
29 19 8
16 28 2
29 24 5
7 6 2
26 30 3
33 31 2
3 21 1
15 0 9
25 22 8
5 39 8
1 39 8
26 37 8
11 7 8
48 2 8
5 47 5
33 19 5
3 30 4
43 29 3
21 7 2
13 30 8
8 35 1
19 48 9
25 49 4
23 39 3
19 17 7
17 13 2
10 46 4
0 5 4
19 40 5
26 43 8
36 9 1
5 10 4
13 37 9
42 31 2
3 6 2
25 48 5
38 26 7
2 49 4
41 16 9
20 32 8
22 10 9
12 9 2
5 3 9
34 3 6
23 41 5
1 18 5
46 14 2
30 8 8
7 31 2
39 8 9
17 42 9
2 44 8
33 10 8
26 5 9
33 46 5
33 23 7
43 47 3
26 0 4
45 33 9
45 11 5
36 34 4
49 22 7
9 4 1
28 49 2
17 31 4
24 7 9
37 26 8
23 26 4
0 10 3
24 48 6
50:2000