11 14 6
14 3 8
12 0 5
8 19 4
17 0 8
10 16 1
19 11 6
9 3 1
0 11 8
9 15 4
7 16 7
15 17 1
4 16 4
8 7 2
16 12 7
3 8 8
8 2 5
18 3 6
3 2 8
9 4 2
13 0 6
6 2 9
9 5 1
5 11 8
7 6 5
0 8 9
2 3 5
6 0 7
4 6 6
4 9 6
3 6 8
2 6 3
2 7 9
1 4 8
6 10 8
6 4 8
5 9 3
1 12 3
5 7 9
8 3 9
5 6 4
4 2 6
2 18 5
2 8 6
7 4 1
6 3 6
3 14 9
1 7 9
5 4 4
3 9 9
8 6 6
7 8 3
4 3 8
5 8 6
6 8 5
5 0 1
1 6 3
1 5 9
1 0 9
8 0 6
7 5 1
0 2 6
0 9 2
3 0 9
2 9 9
8 9 6
4 8 2
3 7 2
9 2 9
1 2 7
4 0 1
0 4 3
7 3 9
0 3 4
6 7 3
3 4 9
8 4 4
2 5 9
4 7 3
6 9 9
20:80