25 6 5
32 20 3
19 17 3
7 37 2
31 0 2
36 39 3
20 28 4
1 39 5
27 24 6
36 5 1
24 35 8
11 21 6
8 27 8
38 5 8
5 9 8
7 4 1
17 9 8
24 17 6
18 15 9
8 31 9
9 37 6
33 30 7
30 17 4
2 11 1
19 4 2
16 22 7
7 26 4
39 10 9
37 17 1
15 3 4
30 12 3
29 38 3
26 8 7
31 17 9
27 1 7
3 11 3
18 29 2
36 6 7
9 39 1
35 1 5
22 7 6
30 10 2
9 20 6
7 1 7
11 3 8
12 15 3
35 17 1
6 5 1
6 4 7
8 25 4
33 8 3
22 20 6
30 22 3
7 31 6
33 39 2
1 35 8
32 15 2
9 19 1
34 20 1
18 11 6
10 13 1
19 29 4
39 18 9
39 16 9
24 20 2
0 24 1
38 11 4
37 23 6
6 2 2
33 28 8
38 22 8
2 0 3
36 27 8
12 8 4
21 24 5
35 11 9
35 33 2
26 30 2
26 29 5
4 18 8
23 29 5
27 12 4
19 38 7
14 29 6
31 10 8
26 28 3
33 2 3
38 1 6
25 9 1
11 14 9
26 20 1
14 33 1
16 30 4
36 12 9
10 8 1
1 29 2
36 21 4
4 16 4
5 12 3
34 19 2
39 31 6
22 34 6
0 32 2
34 1 3
20 18 7
21 32 5
9 16 3
8 12 1
23 12 9
29 17 9
10 35 1
11 17 5
4 17 7
37 25 8
33 13 5
29 39 3
30 14 7
20 6 1
37 14 8
3 25 1
33 24 4
9 32 6
24 30 9
9 8 3
33 3 1
30 37 3
11 32 1
38 35 7
24 18 3
9 34 9
21 16 8
29 0 7
31 2 4
16 8 3
35 5 1
32 8 6
17 19 5
6 7 9
29 6 1
5 38 3
2 15 2
2 33 3
3 24 2
3 15 6
37 10 1
11 7 9
27 4 4
11 4 4
8 19 4
39 33 1
9 28 6
11 35 5
12 25 5
17 26 2
28 19 5
1 33 7
4 20 3
1 20 3
35 6 8
26 16 7
8 6 9
30 39 1
10 30 9
36 24 3
33 7 9
28 4 1
1 22 2
21 29 2
30 34 4
6 29 9
1 38 4
30 9 8
4 26 5
34 26 8
18 38 9
14 0 6
31 24 7
6 32 6
28 34 3
1 25 5
5 0 3
14 30 1
3 6 9
30 33 1
15 8 8
20 23 8
19 12 5
7 17 9
21 37 4
4 11 8
37 8 7
35 38 1
17 38 9
10 32 4
13 19 4
36 28 6
30 0 5
11 25 5
31 19 7
38 25 5
21 3 6
13 20 9
17 27 8
14 36 2
5 11 2
28 14 7
18 23 3
31 32 1
17 20 2
20 4 1
20 31 2
5 19 6
28 5 5
18 19 5
1 28 6
19 31 8
1 23 1
27 21 9
19 7 2
10 25 6
8 32 2
37 12 3
24 27 6
25 30 2
13 14 5
22 28 5
18 4 1
9 2 9
32 34 6
22 36 3
23 20 3
25 34 3
27 25 7
14 2 7
28 39 1
17 10 9
32 11 9
30 36 2
7 33 2
12 5 9
0 23 3
29 23 8
36 30 1
11 15 6
22 9 6
21 39 2
31 20 6
18 7 1
27 2 8
36 14 3
5 7 8
14 13 5
34 33 1
36 23 6
28 10 5
12 35 8
31 16 1
19 39 7
1 12 7
31 22 5
25 36 8
13 10 1
36 1 1
20 16 3
6 34 1
29 35 4
11 34 9
23 3 4
11 9 9
15 4 3
4 38 3
3 20 5
10 20 7
15 14 1
14 12 9
15 19 6
9 23 2
6 15 9
0 19 3
12 2 9
4 19 2
20 37 4
24 1 6
1 19 8
4 28 4
23 39 6
24 15 6
11 36 6
31 28 7
16 21 2
32 0 9
23 18 6
37 28 4
20 2 2
11 38 1
6 28 3
9 33 2
22 0 8
26 32 9
34 7 2
30 21 3
17 4 7
17 34 8
39 14 4
20 15 5
18 10 7
39 8 9
34 22 9
9 5 8
6 10 1
26 38 8
25 0 8
2 26 5
13 17 9
0 16 5
11 1 4
13 5 4
34 10 2
16 11 9
2 6 2
15 33 2
20 34 5
34 30 5
29 8 6
15 26 1
16 35 5
17 11 5
31 6 3
23 0 5
5 10 3
13 2 7
34 5 8
28 15 9
2 38 3
33 6 3
1 9 3
14 20 9
9 14 3
15 38 3
14 19 8
27 6 3
14 15 7
19 36 2
16 13 7
4 6 8
22 26 1
27 26 7
20 12 7
2 32 1
28 18 3
35 25 1
19 3 6
16 6 7
10 24 7
22 2 6
21 20 7
33 36 4
12 14 3
30 28 7
24 0 8
15 12 5
36 9 2
35 39 7
37 31 8
24 4 8
25 3 5
5 22 8
30 18 1
39 6 6
31 11 4
6 9 5
0 12 7
10 37 9
21 22 2
27 16 7
37 2 9
20 17 6
13 11 2
1 17 1
8 20 5
32 26 7
4 36 9
31 12 3
27 13 2
25 33 3
2 24 9
13 26 2
5 28 9
8 28 8
29 33 7
17 35 4
39 2 2
8 21 6
23 27 3
29 5 3
37 1 3
15 31 8
20 30 2
25 35 7
14 5 4
0 34 8
29 25 4
9 22 3
17 3 3
32 27 6
23 15 6
36 32 1
28 37 9
39 3 2
14 22 1
8 2 6
35 18 9
28 38 5
39 4 9
20 7 8
18 2 7
40:416