19 27 1
39 1 2
0 31 5
1 36 2
27 23 6
21 25 2
20 29 1
4 9 4
19 15 8
15 36 9
15 12 1
30 35 7
14 31 8
36 20 1
19 38 7
8 32 7
37 38 1
6 18 2
3 20 8
36 38 4
38 26 5
1 11 5
15 38 3
8 38 2
25 37 9
31 36 1
24 13 3
4 21 4
0 1 4
11 21 7
31 23 9
21 30 9
37 16 6
9 26 8
30 28 7
0 32 5
29 24 8
14 24 8
35 14 7
20 4 7
21 6 3
3 14 1
19 30 1
27 16 3
5 35 9
33 20 1
0 27 4
7 32 3
38 33 2
5 21 3
20 13 7
20 38 7
35 19 3
13 39 4
37 20 2
7 30 5
20 26 1
7 12 4
32 39 5
16 14 2
16 7 9
30 9 2
22 33 9
19 16 7
1 17 2
25 5 4
37 18 5
12 2 4
5 3 5
39 26 8
32 26 9
27 5 5
5 9 5
21 32 3
27 14 1
16 27 1
2 3 4
31 1 8
18 30 5
31 12 3
0 21 2
38 15 8
9 23 8
8 26 2
29 5 4
25 4 1
31 18 1
5 16 9
17 4 3
18 14 7
20 30 3
39 12 5
20 35 7
14 17 6
10 9 7
4 7 9
36 24 7
10 11 6
31 21 3
12 1 6
37 0 5
38 0 8
33 22 2
31 0 7
22 12 6
37 3 1
7 17 1
8 15 4
26 38 3
19 31 1
38 36 6
12 16 3
13 31 4
18 34 2
3 21 6
17 31 3
36 4 1
8 6 4
30 32 3
1 21 7
2 5 3
2 20 2
15 16 6
38 39 4
26 21 2
10 37 2
27 29 4
3 10 5
34 9 6
15 23 5
22 17 8
8 4 7
5 22 9
3 29 7
22 35 6
7 20 7
30 34 6
24 0 3
17 14 7
13 25 6
0 5 2
25 6 5
21 33 5
33 27 9
0 38 4
39 21 4
18 13 1
2 13 2
6 10 4
10 18 8
21 13 1
29 12 2
15 35 2
13 32 3
12 30 9
2 15 4
8 33 4
22 5 9
39 33 6
16 35 4
15 21 5
6 33 1
13 35 3
25 3 2
32 15 5
28 30 1
26 11 7
24 8 2
6 5 7
29 17 2
29 27 1
20 24 1
17 39 6
11 18 8
0 13 8
28 8 7
3 11 6
39 27 3
38 4 3
11 23 1
34 16 4
36 33 5
6 36 5
6 7 7
5 1 1
15 34 3
32 20 9
33 15 5
11 31 5
19 23 9
35 32 1
20 25 2
0 36 9
23 33 1
24 12 8
9 38 8
31 35 6
31 2 4
38 8 9
19 35 4
23 31 7
28 5 2
6 24 1
16 21 7
8 25 9
37 28 2
5 23 4
26 37 1
4 2 4
39 23 6
1 25 3
0 10 9
38 30 3
27 21 2
29 26 5
20 22 3
18 32 4
3 26 6
24 16 8
7 29 6
11 34 3
0 16 9
36 32 6
20 33 2
32 21 3
14 39 2
10 1 6
27 37 2
9 16 2
30 37 8
2 1 7
14 18 5
20 15 5
24 22 3
22 29 1
28 32 1
30 22 8
12 33 8
21 16 3
23 27 7
3 36 2
8 28 7
31 25 8
37 31 1
39 15 1
11 15 9
30 31 6
15 1 5
3 28 1
24 37 8
6 37 8
29 11 9
13 26 5
4 29 5
19 18 3
24 15 9
34 7 3
23 35 4
19 32 5
7 31 5
24 31 1
14 2 6
32 22 6
34 30 2
28 27 5
28 38 8
16 1 1
29 7 3
31 11 4
4 15 6
4 6 6
29 28 9
5 33 9
0 18 1
32 35 9
17 12 6
5 27 3
29 33 1
27 33 6
2 28 4
24 32 6
13 10 4
21 1 9
9 22 5
17 27 3
34 39 3
1 16 1
27 1 7
30 39 4
14 22 9
13 16 4
0 15 8
1 37 7
23 18 2
18 20 6
10 16 2
22 15 1
30 14 2
12 17 8
16 28 7
16 23 7
6 31 8
17 21 9
32 36 4
25 22 2
20 12 1
26 8 4
20 3 4
22 23 2
20 39 5
23 7 6
17 28 8
10 12 8
6 15 6
31 38 7
32 31 3
9 3 6
11 1 5
19 14 5
16 30 4
34 1 9
17 5 4
38 32 9
16 39 7
21 14 2
6 32 2
30 36 9
16 25 9
35 36 3
30 13 7
20 9 1
38 2 4
20 7 7
28 31 7
28 0 9
27 8 7
12 0 4
2 0 4
14 28 5
8 9 4
22 2 8
20 27 1
36 35 6
2 26 4
18 24 7
38 21 8
0 20 4
11 32 9
3 8 6
4 34 1
15 14 8
17 25 5
35 3 1
19 4 6
14 27 8
2 17 2
14 38 3
12 26 7
26 18 9
18 19 8
23 25 5
13 24 5
16 4 8
12 7 6
21 39 2
11 17 8
35 10 3
13 2 4
12 23 8
30 15 3
36 31 9
33 24 3
12 5 9
26 15 2
37 17 1
32 14 6
21 26 9
24 38 1
15 27 1
17 3 9
4 18 1
25 32 2
11 29 3
22 30 8
36 9 4
16 32 7
5 29 7
39 30 3
11 4 9
6 8 1
0 35 1
3 7 5
39 11 9
16 38 1
23 3 6
13 9 9
10 28 6
4 24 7
37 1 9
28 26 7
1 39 1
13 29 7
22 8 2
21 7 7
31 29 9
10 21 8
20 1 2
14 19 6
1 32 8
5 12 2
10 33 9
7 21 6
18 38 4
7 13 2
4 13 5
29 25 7
35 17 5
36 25 3
24 7 1
22 14 7
22 20 3
39 38 3
23 28 1
34 18 7
33 10 7
3 19 7
31 6 5
22 21 4
12 18 9
17 7 8
21 29 6
25 19 5
16 12 8
11 10 2
14 20 3
11 28 9
35 9 2
31 5 8
2 35 9
9 7 2
33 11 4
8 23 9
5 28 1
16 33 4
10 32 9
33 5 8
20 34 7
24 33 3
24 17 9
23 26 1
39 13 8
27 11 6
27 32 7
32 28 7
7 10 5
39 7 3
0 39 2
36 11 2
14 9 3
37 24 4
31 34 5
29 37 6
17 23 4
25 23 1
21 23 9
35 18 7
14 33 1
33 12 5
5 37 6
0 9 7
18 11 2
38 31 9
4 27 6
17 22 3
18 31 9
34 8 3
28 14 9
27 2 8
20 37 1
34 14 8
38 34 6
19 37 9
7 1 8
18 39 2
8 12 3
7 14 2
16 37 5
32 7 4
6 0 4
11 14 6
5 31 4
13 11 3
38 13 3
12 25 9
4 36 6
14 16 9
0 24 4
16 34 1
32 2 5
16 15 3
2 7 7
36 15 7
18 2 5
36 6 6
5 38 1
6 35 4
7 5 7
18 33 9
26 27 8
37 25 7
34 2 4
38 7 7
25 33 1
0 6 5
6 1 8
23 1 8
27 31 5
7 3 1
31 16 6
31 33 8
2 8 2
16 24 8
30 11 9
8 21 8
33 9 9
19 28 7
26 35 8
9 39 4
6 34 3
8 35 6
26 23 5
28 25 3
32 17 6
32 19 4
12 36 1
12 6 7
22 24 6
7 33 8
5 18 8
34 33 7
29 16 7
34 17 6
35 7 9
21 11 2
24 6 3
14 0 3
1 18 8
33 31 8
16 36 5
31 9 2
12 24 3
11 9 1
4 8 8
3 34 8
20 6 6
1 14 9
24 2 3
38 14 1
1 22 6
36 17 6
30 5 6
21 27 2
12 9 1
29 14 3
20 31 2
16 22 3
25 16 2
37 6 1
18 29 1
19 34 4
33 18 9
27 24 1
9 11 9
2 31 2
34 6 1
16 6 5
19 39 4
20 5 8
25 28 7
11 6 2
24 5 4
10 15 4
13 19 2
33 28 1
31 28 5
29 36 9
34 15 5
6 13 4
32 34 1
18 8 5
3 22 8
2 11 2
5 24 2
1 4 1
29 3 8
30 27 6
13 21 2
34 32 5
38 27 3
39 37 1
29 15 5
8 39 7
25 0 7
18 27 6
19 24 4
11 3 9
7 39 7
22 38 7
26 4 4
25 7 4
28 24 7
27 0 6
15 13 4
36 5 6
24 30 1
22 13 5
37 39 2
24 27 7
21 20 8
22 7 4
23 30 7
2 14 8
3 24 5
20 8 2
4 1 9
8 18 2
16 19 5
35 29 7
5 7 6
1 15 7
13 18 9
39 0 3
14 23 2
26 34 9
37 14 8
8 17 6
34 5 7
4 12 6
2 27 2
31 4 2
14 34 1
11 8 9
14 4 5
11 36 4
5 19 5
17 2 1
9 5 9
4 35 4
27 38 3
5 39 8
27 13 5
36 39 2
37 5 2
36 29 8
29 32 1
10 26 7
1 35 9
21 10 7
22 16 5
33 6 2
21 38 6
32 13 5
16 9 6
23 13 4
3 25 7
35 28 4
14 32 6
2 9 7
30 16 3
3 12 5
17 32 6
18 3 5
32 8 2
29 1 7
0 37 9
8 29 2
14 12 5
26 10 3
29 2 9
33 2 8
35 16 3
16 2 8
10 30 9
38 19 2
36 10 6
26 22 8
23 32 2
37 15 8
33 39 7
38 37 7
34 20 1
6 14 7
39 34 6
23 11 2
15 3 8
38 20 6
36 34 3
18 28 6
28 9 5
39 35 9
29 19 7
9 21 8
28 6 1
13 5 5
17 30 9
27 28 1
9 31 7
18 10 1
35 1 5
1 19 8
11 25 4
19 17 7
33 34 1
23 29 2
29 38 8
18 12 4
18 22 3
27 30 6
0 19 8
32 12 4
8 36 2
30 23 8
24 11 7
22 27 3
4 14 6
9 30 5
19 3 8
29 13 5
39 2 8
21 15 9
12 31 5
28 4 9
34 13 3
28 12 3
31 10 8
12 21 7
13 33 6
23 6 2
10 20 2
9 15 3
30 10 7
18 36 4
26 19 3
26 5 7
32 10 1
25 26 5
18 23 8
24 25 5
36 14 4
15 39 5
10 13 6
23 39 6
33 14 3
0 28 9
14 25 3
16 26 8
28 23 7
30 26 3
33 29 7
5 26 8
29 39 1
20 11 6
29 6 6
36 30 6
10 22 2
39 3 9
14 26 4
15 18 9
38 29 8
16 13 9
13 8 6
6 25 7
38 9 9
28 15 4
1 8 3
13 34 3
16 5 7
10 7 2
17 10 6
29 8 7
4 23 5
25 15 4
27 39 5
12 22 7
39 28 3
1 3 7
36 19 2
18 16 3
3 2 6
28 13 5
35 5 4
17 24 1
8 2 6
19 0 6
26 17 5
16 8 2
38 1 4
5 2 2
9 32 8
21 5 4
30 0 8
2 16 4
23 0 8
7 34 1
26 24 3
11 22 3
15 25 8
27 15 3
8 16 5
7 23 3
39 4 3
24 39 2
1 13 1
26 0 4
9 1 8
27 26 7
10 17 3
21 12 7
19 10 5
17 38 9
19 36 4
18 7 3
12 14 2
32 11 4
30 38 7
35 6 2
38 3 1
26 9 5
13 30 8
1 20 9
35 39 5
25 10 9
38 22 7
23 14 5
23 38 9
9 17 5
31 22 5
26 31 2
29 4 2
9 19 9
28 37 6
30 2 4
7 8 3
13 27 5
7 28 6
37 33 9
18 35 3
10 24 3
21 35 4
12 19 6
0 30 8
34 24 8
30 20 1
36 26 5
12 37 3
0 34 3
3 4 8
38 17 7
33 32 7
37 26 8
39 9 3
19 12 3
28 7 8
32 30 3
19 33 5
28 34 1
7 2 1
3 15 3
35 25 4
35 31 4
23 36 9
14 21 8
8 30 7
15 29 7
35 27 8
11 26 3
28 18 7
39 31 3
16 3 9
22 32 6
38 24 6
35 33 9
14 29 4
12 34 1
4 5 6
18 6 1
35 24 3
0 33 5
27 19 6
14 5 9
12 35 8
18 21 2
28 39 2
5 4 2
31 15 8
35 37 6
40:896