38 15 3
10 33 9
45 31 5
27 48 9
7 27 1
45 0 6
2 26 5
26 23 1
13 20 3
16 32 8
17 46 7
43 39 7
23 28 4
27 32 5
4 0 4
49 2 4
23 21 5
9 45 1
42 46 4
24 41 6
11 9 5
24 14 1
16 9 4
32 38 7
19 46 8
48 31 6
13 24 1
45 29 6
43 38 3
17 0 1
3 1 2
39 18 7
45 28 4
7 14 9
16 17 3
36 6 1
5 30 3
1 29 5
25 21 7
46 7 7
46 13 1
19 48 5
49 43 8
21 10 7
48 6 9
18 6 7
10 48 2
34 16 1
35 2 3
24 17 4
45 42 2
37 2 7
25 35 8
21 32 5
46 44 4
6 27 2
11 30 5
5 6 1
23 24 6
1 13 8
45 19 9
8 2 3
12 25 7
6 47 8
4 44 7
4 30 3
45 2 9
33 24 4
27 12 7
27 13 5
13 15 9
5 38 9
22 47 7
38 27 3
38 19 3
23 34 5
31 12 8
9 32 5
43 48 3
34 41 5
45 8 8
14 45 9
16 24 3
21 19 5
36 26 1
19 6 8
46 10 1
1 43 9
34 24 9
8 4 3
7 41 9
34 19 7
38 30 7
24 5 7
35 13 9
4 48 4
44 0 8
4 40 5
2 28 3
48 23 2
27 26 7
42 38 6
29 4 9
16 42 1
29 15 9
48 3 4
3 22 1
12 41 7
14 36 5
27 2 9
21 15 2
21 35 6
13 29 2
34 5 3
15 35 9
48 45 6
27 9 1
40 20 8
5 19 6
10 37 6
14 47 5
3 19 5
32 5 4
46 0 1
11 31 4
47 16 1
37 1 2
3 33 3
46 9 3
41 46 8
34 0 7
16 15 1
34 8 4
24 9 2
24 11 9
19 30 5
46 42 6
13 11 6
39 24 4
37 32 8
20 45 5
4 5 6
17 16 2
41 25 1
43 45 9
15 47 9
36 10 3
46 5 3
22 45 5
32 7 9
10 32 7
32 9 9
33 32 1
3 42 1
22 25 6
45 39 2
34 2 4
28 5 1
14 8 1
28 47 1
18 4 2
9 35 2
40 41 8
3 9 8
32 26 8
3 46 2
1 8 2
5 22 2
43 25 4
34 4 5
10 39 2
42 43 6
1 12 4
39 19 5
39 48 5
0 19 5
12 7 8
5 20 1
32 8 6
0 34 5
26 33 5
34 20 4
31 37 3
39 35 2
19 7 4
30 23 7
47 41 9
45 21 2
22 38 6
36 4 1
25 44 5
21 1 2
15 11 4
21 42 4
19 29 3
27 6 5
25 14 8
15 17 6
1 3 5
21 29 7
9 44 4
10 23 2
45 6 8
40 26 3
0 40 4
44 34 9
11 12 7
31 17 3
14 43 7
41 6 7
8 0 3
40 14 4
21 24 4
32 45 5
49 4 9
3 14 1
7 10 2
14 12 3
18 1 2
42 13 2
49 28 9
33 20 7
39 42 9
48 41 7
28 29 9
9 16 5
33 41 4
12 33 6
6 24 9
23 13 6
27 34 3
0 45 7
19 24 9
30 7 1
33 43 7
16 28 4
22 10 1
31 30 1
9 39 1
9 43 2
38 24 5
0 7 7
10 19 3
0 20 6
30 34 9
13 33 7
0 2 5
25 26 2
9 13 7
5 7 2
21 37 6
12 35 4
3 41 2
33 15 2
25 36 5
33 16 3
27 40 7
35 22 9
8 36 5
35 39 4
46 12 7
38 5 5
0 16 6
44 9 5
29 40 6
9 4 5
6 34 1
39 0 5
41 17 8
7 49 5
21 9 9
3 13 5
36 42 5
22 43 9
45 15 3
11 5 3
23 0 6
18 32 3
15 4 5
40 29 1
46 34 8
9 48 6
24 7 7
13 43 1
49 8 5
15 44 3
47 49 8
11 8 2
49 34 6
3 15 5
37 17 1
40 4 7
8 28 4
18 47 4
44 6 8
23 32 2
8 27 6
45 24 7
35 18 7
17 2 6
2 31 9
21 13 9
12 11 7
39 40 7
33 4 2
23 41 2
37 19 2
26 21 9
47 24 9
38 32 1
16 14 3
2 23 3
15 40 7
40 48 5
37 48 3
25 18 4
7 17 4
13 48 2
28 34 8
21 6 2
28 46 1
8 15 1
20 5 3
14 19 4
5 41 5
11 27 5
5 11 5
36 21 2
21 17 2
9 2 3
33 34 9
1 34 8
45 13 5
41 13 4
31 0 3
38 10 9
34 18 9
22 5 2
46 49 6
13 12 6
24 15 5
38 13 6
10 15 5
24 8 9
7 4 7
9 14 6
25 2 1
2 24 9
28 36 5
8 48 7
13 16 3
46 21 7
5 14 5
30 21 9
28 15 8
20 19 1
25 34 5
28 19 6
35 16 7
6 36 7
24 34 3
34 30 1
36 23 3
30 22 7
20 41 7
27 43 2
38 22 4
8 16 9
18 45 8
28 11 9
46 30 8
0 24 5
13 5 4
16 3 7
28 48 3
45 37 8
42 24 4
0 36 6
17 27 3
31 33 2
29 20 4
2 14 6
41 24 1
11 7 4
13 35 7
15 34 8
48 19 8
25 8 7
9 29 1
40 42 6
28 16 2
22 8 2
35 26 1
28 12 5
0 3 4
4 2 8
2 27 1
37 38 1
3 12 8
15 46 4
12 4 9
33 29 9
44 43 7
13 6 2
35 40 9
22 39 2
43 3 4
23 19 7
44 48 3
3 36 6
36 18 3
8 44 4
27 21 7
45 38 2
41 18 7
14 9 4
22 6 9
33 18 3
41 39 2
2 16 2
48 7 8
10 41 3
17 20 1
12 42 9
12 40 5
18 49 8
42 14 1
44 39 7
49 38 1
14 48 2
16 0 8
0 14 6
31 10 1
32 27 7
16 10 9
21 34 7
15 38 7
34 40 8
0 9 7
33 30 3
28 1 5
1 23 9
28 10 8
44 19 2
37 15 2
48 26 8
44 49 1
25 43 9
14 5 1
30 1 4
40 15 3
46 32 1
36 13 4
20 25 9
32 6 3
7 38 1
32 19 3
41 11 7
2 43 4
20 33 4
4 16 2
38 34 4
25 16 5
32 4 9
7 23 2
24 28 9
10 34 8
6 19 4
42 47 8
4 25 3
35 20 4
43 30 3
18 30 8
48 29 1
25 27 1
9 26 6
7 32 9
9 37 3
32 47 3
27 3 6
9 8 6
40 32 1
29 24 3
16 8 8
45 22 8
23 40 6
43 0 8
37 39 6
12 46 4
40 34 7
12 5 6
49 46 1
33 35 4
33 1 7
44 24 2
22 33 4
43 44 9
29 27 6
31 20 8
40 7 9
47 5 7
5 39 9
39 6 6
40 22 9
35 46 9
48 49 8
6 29 9
28 40 6
14 1 6
8 42 4
19 2 4
10 24 1
0 37 2
20 49 1
23 22 5
6 13 3
11 37 7
44 1 9
31 4 8
12 3 9
33 27 9
16 49 3
5 49 9
19 8 2
29 17 8
18 44 3
3 24 4
26 2 2
10 7 5
8 35 1
23 2 4
44 12 6
14 38 4
22 30 7
15 10 7
47 1 3
19 42 8
19 44 3
11 4 7
40 33 5
33 13 4
25 13 8
45 32 8
10 3 7
20 17 2
11 2 7
15 37 7
43 12 6
1 5 9
6 14 3
10 22 5
44 5 9
0 47 9
23 27 8
6 5 4
4 24 7
29 31 9
11 44 4
42 40 2
25 6 6
5 3 9
45 16 6
26 12 9
11 28 5
16 25 3
3 2 7
23 35 5
35 37 4
46 23 3
26 7 3
7 45 5
37 31 6
24 3 5
32 33 9
25 32 8
29 30 2
9 20 2
11 29 2
34 45 3
46 29 8
19 45 1
30 6 4
27 46 5
21 7 1
7 13 1
37 44 2
25 1 3
48 21 9
48 25 5
42 45 7
8 17 8
46 24 2
21 4 2
36 15 2
2 25 2
12 15 2
42 2 3
27 44 9
48 0 2
44 10 4
18 42 1
5 4 8
38 6 1
42 28 7
25 47 4
43 34 4
45 48 7
26 36 6
46 40 4
26 45 3
27 4 4
46 20 2
18 29 3
7 3 9
28 44 5
0 30 2
35 44 9
49 30 9
2 40 2
7 24 2
10 30 6
1 6 3
8 31 9
25 15 3
15 0 2
2 1 8
10 46 4
29 8 4
27 17 1
41 36 6
42 44 1
41 43 5
43 18 2
33 9 3
23 15 9
21 14 9
16 26 6
29 23 9
0 17 9
46 1 2
18 19 7
0 4 1
7 15 3
9 24 1
31 2 4
28 7 7
27 30 1
36 16 8
9 30 9
32 40 3
34 21 3
37 28 6
11 41 8
38 49 6
19 41 2
7 6 1
45 33 3
26 10 5
0 1 1
5 18 2
44 30 8
23 31 4
24 49 9
49 27 1
19 10 5
36 49 3
46 33 6
12 45 8
47 31 7
42 10 3
22 40 3
28 6 7
14 6 6
26 11 9
18 3 2
49 3 7
15 49 1
18 31 8
17 32 9
22 15 1
2 37 2
26 16 8
25 48 1
49 23 1
11 16 2
24 48 9
49 18 5
49 40 8
9 11 3
25 20 5
13 46 5
4 23 5
37 24 8
21 48 2
8 26 9
33 10 8
45 1 5
34 37 1
29 12 4
30 26 5
9 27 7
7 28 8
19 43 2
40 25 8
4 34 2
12 36 2
44 47 4
29 42 6
41 19 2
22 18 1
44 31 8
12 49 1
13 32 5
20 26 2
17 9 3
15 13 4
49 33 4
32 13 5
9 10 7
1 24 3
6 23 8
28 3 9
6 26 1
39 34 6
14 24 8
44 2 2
32 15 7
22 41 3
48 12 2
10 28 3
3 26 5
14 11 6
42 34 9
5 15 9
40 11 6
1 48 2
31 27 2
15 16 3
16 12 2
10 21 4
15 14 1
29 6 6
14 32 9
39 12 1
49 39 1
49 11 3
44 8 3
42 30 2
9 46 8
19 47 8
21 41 9
0 8 5
0 46 9
17 48 7
14 18 3
22 2 9
48 47 7
23 38 9
29 28 2
4 41 9
27 22 6
46 26 4
0 27 1
44 36 3
24 1 4
46 37 2
25 30 6
20 3 4
32 30 6
23 8 1
38 41 1
40 46 9
7 16 3
24 37 1
21 3 9
28 24 6
9 7 4
17 26 9
21 30 9
35 3 3
8 18 6
30 0 2
47 46 4
42 5 4
7 44 7
44 28 6
1 16 1
32 16 6
8 22 7
4 3 2
17 23 1
31 19 1
23 4 2
38 31 8
24 35 6
36 32 1
25 3 1
30 35 2
4 49 1
5 35 1
31 38 1
18 16 8
20 13 6
11 36 1
24 19 3
6 46 1
40 10 1
23 7 5
30 8 8
23 48 3
47 21 8
21 46 6
36 35 5
48 42 5
38 26 4
29 3 6
16 41 2
15 31 3
40 18 5
42 35 8
44 41 2
18 34 2
49 17 2
19 31 2
36 3 4
10 26 4
2 35 1
30 25 5
39 32 2
14 13 4
48 9 7
5 48 4
35 27 5
9 47 8
2 0 5
15 1 4
1 15 2
0 21 5
19 40 5
43 33 6
17 43 2
3 28 7
47 23 5
18 36 6
36 47 5
16 30 9
27 11 6
15 33 9
0 5 9
42 41 9
20 24 9
18 35 5
18 38 9
16 19 1
32 49 5
14 21 4
41 27 7
47 14 1
17 8 8
5 32 6
10 20 1
34 43 3
45 5 5
39 22 6
11 0 8
43 16 9
46 6 6
6 33 5
43 37 6
25 29 8
3 31 1
28 38 5
8 45 7
16 36 7
29 43 7
31 8 8
5 26 8
17 37 6
47 9 3
35 9 4
24 13 5
15 25 8
39 27 8
42 19 9
49 1 5
48 37 2
7 2 5
33 38 1
8 14 8
38 48 4
41 2 7
22 32 2
47 28 4
4 31 4
41 33 5
5 45 4
46 15 3
25 9 4
45 7 3
1 4 2
0 35 4
18 48 7
30 36 6
42 20 8
4 33 7
32 35 1
8 49 7
21 31 8
27 15 6
24 38 8
5 1 4
5 21 5
12 1 2
17 1 4
22 28 8
7 11 5
41 29 5
22 14 6
1 45 1
26 49 3
15 21 3
42 12 3
2 20 4
33 42 9
7 42 2
21 2 7
29 44 7
42 37 8
23 37 1
13 2 1
14 37 8
20 30 8
29 49 7
6 21 5
25 23 1
26 38 4
3 0 5
37 18 9
46 36 5
7 12 3
13 17 7
41 34 4
23 18 8
30 40 4
30 44 3
45 9 9
30 43 5
13 19 2
13 9 6
7 26 4
44 14 3
11 15 6
26 31 5
5 31 2
26 28 8
39 17 4
43 13 2
13 3 7
23 12 1
34 12 1
1 41 5
1 35 4
11 40 7
32 20 5
7 19 5
5 29 1
33 49 9
9 1 5
22 35 7
41 7 2
39 26 5
33 14 3
35 29 6
42 8 7
25 17 5
40 12 9
47 29 4
47 40 7
15 42 5
2 17 1
22 11 3
33 5 9
33 40 1
47 15 8
38 17 9
7 35 4
19 20 7
2 33 7
13 27 5
17 28 4
26 43 2
18 41 5
20 4 1
27 0 5
40 39 6
35 1 6
48 11 9
14 39 2
18 40 3
47 11 1
36 8 9
19 14 9
20 1 4
8 34 4
33 11 5
1 22 7
32 42 1
32 25 7
31 25 4
47 19 5
34 1 6
1 26 1
12 30 2
47 33 3
24 22 1
11 23 6
10 17 2
30 19 2
48 39 7
5 28 2
46 39 4
22 0 5
6 16 8
35 8 2
16 5 7
1 7 3
13 49 3
31 9 9
45 27 9
28 2 8
32 12 8
48 5 8
5 47 2
34 47 8
26 37 9
33 0 4
36 1 4
49 45 9
31 7 4
41 26 1
19 23 6
15 39 1
19 15 4
10 18 7
32 3 6
12 2 8
30 27 9
49 42 8
25 45 7
14 34 7
20 38 3
17 39 8
17 24 9
38 7 3
27 49 2
16 18 2
29 5 8
32 43 7
27 33 4
42 36 5
23 30 3
9 41 1
38 21 2
35 12 1
4 10 9
40 23 2
40 24 3
36 19 7
35 19 8
33 25 4
18 2 4
45 47 3
37 27 6
7 21 4
26 32 3
35 41 1
18 13 7
49 7 7
39 10 9
31 18 7
15 26 8
46 43 7
49 48 1
25 42 3
8 41 1
26 18 6
14 29 9
20 29 5
38 28 9
44 25 4
16 21 8
43 46 4
36 0 7
20 43 9
46 4 7
21 18 4
45 34 8
34 32 4
23 26 5
34 39 2
35 4 6
4 21 9
4 32 9
4 14 1
38 35 8
14 44 6
41 45 4
19 28 2
1 32 2
33 21 4
24 29 4
38 20 9
13 28 7
15 22 1
47 20 9
31 1 7
27 19 4
17 34 5
48 13 8
35 31 3
15 7 7
18 24 7
24 23 8
36 31 5
24 0 7
49 26 2
26 1 9
17 49 2
41 30 8
27 29 3
23 25 5
26 46 1
43 2 8
6 28 4
8 43 6
47 7 9
26 0 6
49 15 4
9 6 5
28 45 3
6 12 1
35 21 1
18 25 1
45 10 5
4 15 1
30 3 4
45 26 9
4 9 9
0 25 1
29 33 4
7 39 4
41 14 9
28 42 8
2 13 4
40 19 5
24 27 1
32 23 8
43 4 5
46 38 4
0 48 4
29 47 7
2 3 7
2 38 8
23 45 8
3 23 8
16 20 6
43 22 8
43 7 1
3 6 9
31 22 1
2 9 1
42 22 1
46 48 2
13 14 9
17 42 4
12 26 1
36 11 4
38 29 8
6 42 1
18 27 2
34 28 6
29 10 9
25 4 5
16 11 8
42 33 9
41 31 2
14 41 9
32 39 2
27 31 7
37 5 1
6 2 2
1 18 6
32 14 1
12 6 5
31 13 4
18 14 2
18 12 6
17 31 4
43 17 7
12 16 8
34 38 1
28 20 7
22 20 5
25 7 6
7 37 4
37 26 4
39 5 1
4 36 4
35 17 1
6 30 3
2 32 6
44 22 7
1 28 6
22 27 1
35 38 2
13 10 4
2 5 8
27 7 8
47 27 7
38 16 1
36 39 3
26 3 8
47 32 9
1 10 4
37 8 1
1 44 4
8 1 7
10 1 5
6 11 9
37 0 4
45 44 6
18 33 7
32 10 4
30 49 6
15 20 8
25 5 7
42 32 9
11 3 9
40 28 3
8 24 9
29 13 8
47 45 4
14 3 4
34 7 8
17 40 4
43 24 6
36 9 1
31 36 5
45 17 2
24 47 1
50:1250