34 35 6
1 49 8
25 26 5
44 12 1
28 35 1
37 0 8
38 4 8
15 40 1
46 22 4
24 33 3
42 9 2
24 14 8
33 20 5
3 2 7
44 15 7
34 30 6
25 40 7
2 6 9
27 38 1
28 2 4
7 15 8
22 11 6
8 1 2
44 10 8
43 7 1
5 11 3
28 9 5
39 8 9
3 21 9
47 18 5
3 44 9
37 28 1
46 26 7
21 8 7
38 19 7
34 14 5
43 22 8
31 36 5
16 46 6
16 45 4
2 7 5
8 27 1
37 23 9
7 32 7
49 28 1
35 23 7
7 28 3
7 2 6
24 17 6
37 9 8
6 33 7
0 27 1
2 42 6
11 38 2
17 10 3
39 4 7
17 15 2
38 34 8
19 40 7
31 29 5
47 24 8
12 37 5
44 26 2
18 4 2
46 4 4
25 19 8
15 38 9
12 30 5
31 1 7
11 5 3
24 43 5
35 2 7
4 9 8
11 36 3
27 12 9
31 37 5
20 36 9
31 10 8
42 40 1
17 12 8
31 0 9
3 12 4
28 1 3
16 19 7
41 42 2
34 45 6
31 41 7
19 4 9
12 48 9
11 1 9
33 43 1
46 44 1
49 10 2
28 14 4
32 17 3
3 47 7
41 28 9
32 20 9
15 13 4
2 25 9
35 11 2
37 16 2
28 38 1
4 46 4
19 2 1
3 26 2
9 31 3
27 14 9
37 36 1
24 25 2
39 34 8
22 34 9
42 41 7
20 4 6
9 35 3
37 30 6
38 3 9
25 0 2
25 6 6
5 24 8
12 2 5
3 9 8
39 32 6
39 27 8
32 45 2
45 27 7
48 14 3
45 23 8
38 48 1
17 23 2
12 36 3
11 47 9
9 24 1
30 2 6
13 30 8
34 7 9
19 47 2
3 46 5
9 39 3
0 22 1
29 22 5
4 10 9
4 2 5
27 23 7
6 7 6
40 9 2
43 4 5
25 7 8
44 1 5
5 18 8
9 14 7
44 3 1
22 16 7
43 39 1
24 42 1
39 11 7
44 4 8
47 39 3
0 18 5
27 36 9
48 12 2
35 1 4
17 42 5
1 36 1
33 27 9
29 18 9
4 15 1
20 35 7
30 26 4
8 18 8
3 16 4
38 47 8
2 14 9
31 43 6
9 47 3
49 39 3
27 44 7
13 41 6
2 34 2
39 47 1
14 25 5
7 9 2
3 13 8
18 32 9
33 14 8
35 48 8
47 49 4
41 15 8
22 17 5
3 39 1
7 34 8
38 6 1
6 16 9
27 34 3
10 12 6
13 14 7
0 25 9
8 32 7
33 13 1
8 0 7
23 12 3
10 22 8
15 48 5
41 17 4
33 36 3
9 44 7
6 42 9
0 29 1
45 5 6
31 22 1
26 11 2
18 1 8
46 0 4
3 1 5
11 16 8
11 44 4
19 5 7
49 20 9
32 13 8
14 32 7
8 10 1
49 23 3
16 37 9
21 4 6
48 31 7
12 28 8
1 43 8
2 4 9
37 25 5
23 18 6
27 22 7
8 41 6
13 5 8
5 35 7
11 40 5
2 49 4
19 20 3
24 3 1
19 29 1
46 36 7
12 18 7
32 28 8
46 27 5
44 14 2
28 41 4
41 9 7
34 36 1
45 47 9
20 38 3
31 3 9
10 46 4
6 12 4
27 9 8
34 13 3
15 43 3
25 30 5
13 47 3
26 23 2
1 29 9
29 9 2
18 17 6
36 0 4
10 38 2
49 6 3
14 39 7
11 8 3
23 48 6
49 43 6
32 19 3
23 9 4
3 40 8
16 28 5
25 2 8
11 34 7
23 37 2
11 28 6
14 1 2
27 37 2
14 22 1
32 24 3
43 35 8
49 17 1
15 34 7
12 32 5
41 44 1
24 45 6
28 6 2
16 44 6
29 0 1
10 32 9
36 46 1
30 46 4
8 23 1
3 28 4
26 1 8
37 40 4
47 7 8
24 13 1
11 14 2
7 5 3
36 43 3
37 45 5
25 27 3
26 0 5
28 30 7
24 36 4
18 31 3
42 27 1
22 42 1
20 47 8
13 4 9
26 5 9
36 14 2
26 25 2
24 38 5
23 5 7
19 16 6
3 17 2
27 21 2
41 2 8
7 45 8
2 26 6
38 13 8
39 46 4
1 17 1
25 35 4
14 40 8
9 5 1
19 25 1
4 20 2
41 14 9
5 21 6
22 1 7
46 29 1
21 3 2
23 24 4
36 23 1
48 2 1
43 44 5
43 17 5
27 49 1
28 8 1
25 9 4
43 37 6
42 25 6
23 21 6
25 1 7
4 7 8
8 19 9
1 12 8
22 28 9
38 42 5
26 21 2
48 10 1
7 14 3
13 8 9
29 44 8
39 14 7
1 18 7
36 12 9
47 30 6
36 18 2
46 41 6
27 40 2
48 41 1
31 16 3
15 32 1
45 30 6
17 37 3
10 40 3
30 34 2
33 44 5
29 25 1
18 47 9
41 10 1
35 37 4
29 21 2
45 16 4
43 24 1
45 35 4
27 2 3
25 17 7
39 25 8
21 9 8
18 46 6
48 46 7
18 12 2
26 47 3
8 40 6
28 4 4
48 43 2
37 3 7
15 2 6
36 47 7
23 22 2
3 33 7
20 39 7
7 1 3
22 14 5
44 37 7
49 13 8
23 13 4
27 20 2
46 6 3
37 46 6
15 28 1
45 4 9
4 6 7
42 49 4
7 16 1
18 11 8
44 43 6
25 47 9
10 27 2
30 36 7
38 18 4
43 20 2
41 30 3
6 31 6
25 12 7
34 4 8
37 1 5
9 10 8
43 3 8
9 18 9
19 7 3
19 26 1
27 0 4
42 18 3
38 36 2
38 32 1
40 48 3
40 31 7
24 15 7
27 39 8
26 42 4
27 32 1
16 49 2
44 31 1
15 18 5
40 14 8
16 38 1
27 42 7
17 32 6
42 47 6
23 34 3
13 45 8
21 10 2
28 36 1
30 24 8
26 35 3
28 47 9
37 24 3
10 45 2
33 11 1
26 29 6
8 13 5
21 13 8
12 45 1
21 41 9
29 10 3
11 10 3
15 24 8
32 10 5
35 43 6
31 18 7
12 21 4
22 36 5
5 6 7
43 29 4
1 47 9
6 11 6
24 39 6
26 13 3
18 26 5
24 48 1
32 23 8
20 33 8
23 1 5
2 48 3
38 29 9
16 0 5
35 32 1
40 10 3
6 35 1
18 44 7
32 30 8
43 8 5
41 38 1
32 37 3
35 19 6
5 8 6
17 0 6
36 5 3
13 29 6
20 28 9
30 23 8
36 45 5
15 46 3
35 20 5
0 24 1
10 35 9
0 5 7
34 49 5
23 32 2
36 9 2
20 45 1
17 33 5
22 18 5
9 21 7
21 43 3
26 38 5
35 42 6
49 27 5
6 27 7
48 22 9
24 1 2
33 47 6
14 3 5
4 48 4
15 1 2
2 46 3
43 45 3
14 7 5
25 45 8
25 8 2
25 44 7
23 36 1
10 36 5
12 46 9
5 9 2
0 20 5
37 12 7
10 14 4
27 26 5
15 20 4
17 19 7
8 45 8
10 21 5
47 46 2
1 32 5
13 7 6
0 6 2
5 20 2
32 0 3
47 0 4
4 32 4
22 40 4
9 27 1
49 1 9
40 2 3
9 7 2
6 48 3
19 3 5
39 10 9
33 16 6
34 9 3
47 38 9
6 23 6
2 22 4
18 22 6
10 1 7
42 4 3
47 43 5
10 44 3
14 8 1
23 19 8
21 49 3
13 22 5
3 34 2
16 3 5
40 8 1
48 35 8
14 0 6
10 42 5
48 33 2
31 20 1
36 26 8
42 11 2
34 32 4
14 21 3
9 4 6
20 43 6
38 22 8
37 15 9
4 27 3
3 42 7
38 20 1
12 29 4
13 9 1
35 4 5
36 39 8
36 16 9
39 42 1
9 1 5
48 15 5
44 47 6
23 38 6
28 22 9
3 4 8
12 39 7
41 36 1
5 34 1
20 11 8
40 17 3
35 18 9
44 36 4
35 47 8
41 12 8
35 9 3
41 24 5
44 48 9
1 44 3
42 38 4
11 39 1
47 6 2
17 11 8
10 47 5
26 32 9
24 6 7
4 12 2
7 17 7
7 19 9
33 10 6
1 42 8
7 38 8
34 17 1
2 27 6
34 46 3
3 49 6
11 7 9
33 23 4
31 28 4
46 7 3
22 32 6
24 5 6
48 39 7
16 4 2
20 0 4
10 26 3
16 2 5
46 25 6
32 25 2
31 40 7
29 23 7
33 29 1
42 36 5
47 9 9
21 17 8
36 34 9
24 29 7
46 28 7
7 33 3
21 1 4
45 25 8
28 23 8
30 20 5
33 32 9
4 30 6
25 49 5
24 7 9
32 46 5
37 47 2
6 13 4
27 30 4
27 3 5
21 29 2
7 39 7
43 28 9
13 43 8
16 1 8
18 13 3
11 41 1
44 19 2
26 39 4
46 14 9
28 42 1
22 12 5
22 2 2
22 48 9
9 30 8
17 18 8
41 46 4
48 23 3
14 45 8
3 19 6
48 4 7
12 14 4
38 23 6
26 34 1
26 46 8
24 22 6
18 2 6
4 36 8
2 45 7
18 30 8
27 31 6
29 28 8
22 7 3
19 21 9
45 20 7
19 1 2
40 28 9
15 21 8
30 35 4
15 30 2
48 11 6
26 44 9
17 36 1
18 42 3
13 10 6
35 5 3
7 47 3
18 21 7
34 43 9
39 48 8
27 35 4
34 25 3
15 41 7
36 17 2
42 24 7
43 40 8
49 2 6
41 39 7
35 10 2
48 36 1
10 41 4
35 24 5
47 25 2
37 6 4
7 3 5
14 47 4
6 40 8
11 49 1
43 14 9
47 28 1
30 22 2
38 30 4
18 49 1
41 35 6
35 21 1
9 43 6
10 2 2
0 41 9
41 3 1
39 36 2
29 16 2
29 17 6
27 24 4
15 39 3
2 28 2
46 48 2
15 8 1
2 16 3
27 4 8
19 38 9
5 39 3
9 8 7
31 25 3
17 14 5
7 37 9
23 11 1
14 6 9
26 40 3
38 44 4
21 16 5
18 35 7
47 34 5
23 43 5
2 24 3
22 13 9
15 29 4
0 10 7
39 40 7
46 31 2
49 42 5
20 2 4
14 18 5
28 3 4
1 45 8
16 27 5
37 20 5
22 46 7
41 1 3
6 5 5
44 46 7
36 40 2
40 21 7
26 45 6
16 20 8
6 47 3
27 29 5
28 37 2
14 49 1
31 4 8
15 27 2
36 30 4
3 45 2
11 13 7
18 24 9
7 13 6
49 4 3
8 34 9
10 31 1
13 25 6
5 32 6
49 26 2
36 25 3
12 31 7
20 22 4
17 6 3
40 49 5
47 12 9
47 20 3
11 35 3
6 22 3
49 46 8
30 18 7
12 24 4
4 23 8
5 38 3
30 0 8
13 40 8
25 33 4
32 15 9
8 3 1
36 13 8
24 4 9
18 29 9
11 37 4
29 42 2
7 0 7
2 15 8
7 8 8
46 16 8
26 19 1
19 27 7
10 34 9
49 24 5
27 7 6
20 15 6
12 4 8
30 44 9
7 20 8
31 46 9
33 45 8
21 30 3
2 29 5
15 9 3
30 7 4
47 19 4
47 27 7
45 3 2
12 49 7
15 4 3
44 40 9
10 15 8
8 17 4
2 13 1
4 14 8
28 44 1
11 0 6
47 10 1
4 39 1
21 12 1
20 40 6
15 31 6
39 12 8
3 6 8
48 29 9
40 29 9
32 8 3
42 19 1
12 7 7
36 22 2
33 17 5
7 43 6
24 18 7
27 8 2
14 44 2
6 29 3
10 7 5
32 4 6
43 34 9
23 8 7
4 37 2
28 31 9
40 36 7
45 24 8
45 28 1
3 29 2
9 26 2
45 15 5
14 2 4
40 15 8
45 41 7
20 21 7
47 31 4
9 40 5
45 17 9
44 23 5
20 24 6
25 46 9
44 45 6
28 48 3
49 21 2
36 41 5
43 2 3
40 19 5
31 24 5
48 32 8
47 8 3
13 19 3
44 49 8
9 2 8
3 27 4
34 44 1
1 8 8
17 39 9
27 13 2
20 49 7
44 22 9
21 33 7
1 14 7
7 31 9
14 43 1
45 19 9
21 23 6
28 19 8
2 5 3
20 26 1
5 40 7
8 22 5
35 7 6
42 21 8
42 12 5
33 15 2
15 16 5
47 13 6
4 18 5
6 26 5
32 16 3
28 27 9
18 40 1
2 20 9
46 24 1
44 11 4
1 28 7
23 45 6
45 18 2
13 6 6
15 7 6
0 26 2
42 26 2
6 24 8
5 47 1
25 32 2
17 44 1
26 24 8
37 13 4
44 6 4
14 30 7
29 35 5
7 26 2
21 26 2
31 15 2
13 49 3
47 40 2
22 10 6
38 40 8
7 12 2
44 38 5
9 0 8
10 20 6
11 25 6
32 22 6
20 14 2
22 41 4
18 0 2
14 17 6
12 1 7
10 25 7
19 33 7
4 11 9
3 37 8
43 9 8
9 32 8
0 45 1
5 42 4
36 32 2
2 37 8
6 15 1
46 34 5
47 32 1
34 20 6
8 28 1
8 25 9
17 47 3
44 7 8
36 28 3
29 2 7
25 3 7
22 25 6
40 27 5
25 41 8
36 19 7
15 42 5
42 39 9
47 26 4
41 19 7
0 34 4
39 23 1
28 5 1
13 44 9
22 20 8
13 11 9
40 34 6
4 49 7
45 0 4
5 0 8
16 26 1
30 47 7
49 12 2
13 37 1
15 25 2
37 27 3
24 40 7
39 33 2
7 41 1
42 29 6
33 24 1
0 7 2
5 22 7
37 2 8
13 17 6
46 15 2
6 45 8
39 3 8
47 48 3
2 9 7
16 43 3
19 12 6
25 14 2
40 12 8
41 26 8
16 15 2
35 16 4
16 14 6
24 31 1
17 26 1
44 32 3
40 18 3
13 28 8
42 15 6
16 36 6
44 27 8
29 45 5
32 42 2
4 21 9
22 44 4
21 34 4
20 12 1
29 27 1
44 13 5
39 6 5
8 36 2
42 13 4
25 20 2
30 17 3
32 26 6
32 40 7
43 1 5
32 11 6
7 29 4
0 42 7
13 18 1
49 34 5
33 39 6
38 41 2
14 38 8
0 35 7
26 41 7
43 12 9
9 3 8
40 24 8
8 39 5
44 20 2
11 3 9
40 47 2
5 13 5
23 40 7
37 14 5
33 35 2
49 22 7
4 38 4
12 27 9
28 13 5
40 11 5
29 34 5
33 2 1
22 4 7
17 38 1
1 46 6
12 6 5
7 44 4
34 6 1
41 5 6
26 43 8
35 46 1
46 2 6
16 48 9
34 15 4
22 31 7
42 30 4
4 29 6
40 39 3
31 17 4
19 23 5
42 37 5
23 30 1
22 33 7
25 39 2
9 48 6
1 30 1
21 35 2
17 3 8
48 45 8
1 35 9
33 18 3
45 14 4
44 28 3
21 11 5
26 17 8
16 8 4
6 3 4
22 37 6
8 4 8
7 42 5
41 0 8
30 33 3
14 31 6
37 35 8
43 0 3
5 33 9
0 12 1
39 45 9
36 35 8
10 28 8
10 17 5
12 5 9
35 45 1
20 10 3
25 21 8
25 48 3
18 20 5
29 5 3
38 5 6
4 43 7
42 44 8
39 13 2
16 35 4
2 1 6
47 11 5
40 35 4
36 21 9
36 38 6
12 40 6
2 8 5
42 2 6
28 24 3
25 34 5
11 23 4
27 46 5
14 10 5
45 13 1
28 40 2
17 46 2
10 6 5
20 8 2
10 49 6
38 15 2
21 25 2
4 3 4
10 13 1
32 44 8
33 48 6
38 17 2
4 26 3
46 20 5
39 0 9
5 26 2
27 6 6
28 46 1
32 3 2
8 42 7
39 43 7
35 29 5
12 38 8
49 44 5
43 33 6
36 4 1
32 48 8
4 33 3
38 16 3
22 43 8
12 13 5
34 47 8
32 9 1
38 43 8
31 9 1
39 16 7
28 21 1
10 9 7
29 3 2
12 20 1
45 21 4
5 14 4
27 15 3
48 5 9
19 8 8
13 32 5
23 29 1
48 3 8
32 34 2
1 4 8
18 43 2
17 25 9
43 38 8
39 44 2
12 0 2
33 40 1
9 36 6
45 10 8
5 10 3
21 14 6
0 15 3
15 47 9
6 44 4
41 8 8
45 39 1
16 12 8
26 31 4
34 10 9
3 8 3
14 16 9
16 24 1
11 6 7
2 44 4
5 49 8
17 43 7
22 49 3
48 20 6
49 14 8
30 8 3
45 26 8
4 47 6
26 7 6
18 6 7
14 41 2
5 44 6
23 28 1
8 33 7
35 30 5
33 42 5
40 46 7
46 49 9
26 22 2
0 44 5
1 0 3
39 21 1
37 31 8
29 19 2
26 14 8
7 22 8
44 8 7
15 49 8
15 26 4
8 9 5
27 48 7
7 35 6
39 22 4
40 37 4
49 19 6
34 29 2
30 25 2
37 26 7
41 40 3
6 2 7
17 41 3
35 27 9
28 11 7
28 49 6
20 1 3
6 21 5
39 9 4
23 0 1
1 34 7
23 46 1
19 18 7
30 38 3
41 48 1
9 11 7
31 47 2
13 21 6
49 37 7
48 8 6
34 16 8
1 6 5
19 14 7
46 5 5
19 39 8
48 19 1
38 12 1
28 12 1
12 15 3
30 10 6
26 20 2
40 30 2
47 1 5
33 6 1
2 30 9
0 3 1
28 16 7
36 29 5
47 4 9
31 2 4
36 31 9
19 44 4
0 37 6
22 3 6
10 11 1
3 36 7
34 23 1
24 23 7
49 25 9
10 23 2
9 29 8
13 15 7
49 30 1
31 13 9
34 8 2
23 16 3
19 13 3
41 37 2
42 1 7
11 15 1
31 11 2
33 28 4
33 19 6
24 49 6
32 38 1
27 45 2
37 33 7
46 30 1
32 35 7
43 10 6
43 32 4
29 14 7
7 21 1
5 48 7
24 21 8
30 32 6
25 22 5
37 5 3
37 22 6
12 42 4
16 5 5
49 35 2
43 42 8
13 46 5
13 39 8
4 17 5
31 5 6
14 42 6
30 16 9
3 14 8
34 21 1
4 5 9
2 23 9
30 42 7
16 21 3
34 12 7
0 2 8
20 41 3
13 0 2
48 0 7
0 47 8
33 41 4
22 8 2
16 22 6
46 43 9
1 40 8
32 7 8
45 34 7
14 29 4
6 49 9
30 19 3
4 1 2
16 13 3
45 44 8
28 32 8
2 31 7
13 20 8
28 17 1
43 23 9
2 10 1
35 15 3
30 41 3
4 13 5
36 2 7
4 35 5
8 46 4
8 6 5
11 29 5
2 3 1
43 46 6
39 17 4
19 24 2
19 36 5
35 41 3
11 42 8
18 48 7
33 3 2
24 30 3
30 14 9
17 2 5
38 24 8
48 24 2
37 11 9
43 16 9
40 32 6
4 45 1
41 21 8
27 33 4
42 46 5
33 37 1
28 45 1
37 19 6
33 31 6
16 10 8
12 17 3
23 42 3
44 24 7
6 25 7
24 47 2
24 35 4
38 10 9
48 13 4
29 32 2
20 48 8
30 9 4
47 29 8
22 39 5
13 24 8
13 23 7
25 31 2
17 13 7
29 4 9
12 47 5
12 33 9
1 48 6
20 7 2
35 14 5
6 37 5
24 37 8
21 19 7
48 37 4
29 43 5
0 11 6
8 11 9
17 8 7
8 7 9
24 2 6
21 5 4
33 4 5
7 48 3
44 41 8
10 30 9
42 48 5
13 12 5
47 16 2
31 27 5
25 43 9
24 26 1
45 8 8
21 15 5
21 2 9
33 25 1
1 7 1
6 9 8
29 41 1
5 30 7
18 10 7
23 20 1
4 8 4
32 27 1
8 20 6
42 45 3
40 41 7
8 37 3
8 43 9
22 45 2
17 28 6
13 16 3
18 8 6
47 21 2
30 49 4
10 39 6
0 8 5
26 37 6
0 13 9
49 15 1
24 12 8
16 40 6
20 44 9
1 24 8
16 11 6
8 31 7
38 1 5
21 22 7
24 44 4
29 11 8
43 19 7
15 5 2
35 13 8
7 11 5
36 27 6
44 39 5
26 4 2
9 28 8
4 42 7
4 28 2
35 38 8
18 15 4
37 39 9
34 26 4
41 45 4
31 45 9
16 9 8
8 16 6
23 14 1
2 43 5
20 19 2
0 16 1
13 31 1
26 15 7
37 34 9
37 7 1
3 25 4
30 31 2
50:1550