40 10 3
48 1 9
0 48 1
36 43 4
35 40 5
48 8 7
30 25 6
39 33 5
18 9 9
34 45 8
3 5 9
45 39 2
41 1 9
37 2 8
37 8 1
7 48 4
22 21 6
29 35 6
25 20 1
42 37 1
16 39 7
40 16 6
30 24 6
13 21 3
14 7 3
4 31 5
21 34 1
18 34 8
33 30 9
21 6 9
19 42 5
32 19 4
22 15 3
18 47 4
19 22 9
35 9 8
12 8 7
6 5 1
30 23 7
19 34 5
32 33 4
47 18 1
8 33 2
38 23 1
46 25 3
36 11 4
7 19 7
20 43 3
32 27 7
20 11 4
28 41 1
5 10 3
24 28 4
22 1 1
47 37 7
22 35 9
49 37 1
30 31 2
40 20 2
43 14 5
39 42 7
27 32 3
44 4 9
4 39 7
23 38 8
3 32 7
5 20 4
18 6 5
13 25 3
4 17 9
9 19 4
14 38 1
47 39 2
24 41 6
14 42 7
46 31 1
2 20 5
29 37 6
37 30 5
49 46 7
46 34 5
36 48 8
16 38 1
25 9 3
46 15 8
37 36 4
36 3 7
26 28 3
45 41 4
35 37 5
22 7 4
15 35 4
0 6 5
12 41 2
22 49 9
9 20 3
48 46 8
9 17 9
17 6 1
15 27 3
21 26 5
16 4 2
30 11 6
46 2 5
41 20 4
39 20 7
0 42 6
32 0 4
25 11 5
16 7 7
2 39 1
47 9 3
10 18 4
5 48 4
18 42 8
3 12 4
2 24 2
10 21 1
9 12 5
20 38 2
38 5 2
3 30 7
38 45 5
9 2 3
10 32 4
43 46 1
32 46 8
49 1 5
28 39 2
49 8 3
44 11 7
36 42 1
5 28 3
9 25 9
30 10 3
34 36 8
26 38 4
17 21 8
34 11 5
31 16 7
34 20 9
30 2 3
49 18 6
5 35 7
26 19 4
3 6 7
13 35 7
9 35 5
27 35 4
48 23 5
46 38 7
2 16 1
12 3 3
6 21 8
3 46 9
34 35 8
42 36 9
7 26 7
23 43 1
39 47 5
43 44 4
35 13 1
19 12 9
30 49 3
15 31 4
48 26 4
24 44 6
31 36 9
32 2 2
47 36 4
38 7 7
31 33 4
1 40 3
13 46 1
30 32 6
9 40 1
49 38 4
15 33 8
18 46 9
16 27 7
11 44 4
47 45 5
49 15 6
12 42 6
40 14 6
46 9 4
23 36 7
47 27 9
21 39 4
32 1 5
48 40 4
28 43 6
17 10 7
43 45 1
48 6 1
44 20 8
42 24 3
5 44 8
10 23 7
31 2 6
46 36 8
17 38 5
4 11 7
30 26 5
24 11 3
20 3 5
4 35 6
16 9 2
3 7 6
39 30 6
12 14 5
8 45 2
4 21 9
34 46 2
26 27 5
41 5 1
34 9 1
35 2 6
13 41 7
36 15 5
25 6 7
4 13 6
24 17 1
44 31 3
35 0 9
33 17 2
14 41 5
40 30 3
32 43 8
42 8 2
11 3 3
41 19 6
35 18 1
4 48 1
7 25 8
11 45 2
13 47 6
8 29 5
44 25 6
27 16 6
40 41 3
16 49 2
21 32 4
21 2 6
14 44 6
14 4 1
3 42 8
46 35 9
19 28 6
13 30 7
6 44 6
39 31 2
16 20 3
12 23 2
17 45 6
5 6 3
35 27 3
46 11 2
21 49 9
40 34 2
25 16 2
32 48 9
24 14 9
7 12 5
24 36 3
41 29 2
13 17 6
4 23 3
33 11 8
16 46 8
34 1 7
2 49 6
12 47 8
33 5 8
35 46 4
17 33 3
18 43 8
6 33 7
45 16 7
34 8 4
1 15 8
31 38 1
29 11 8
43 10 2
34 43 8
6 17 1
25 1 2
35 1 3
10 46 9
34 49 8
8 35 1
1 34 1
46 27 2
10 11 2
42 39 1
33 41 8
26 13 1
10 26 2
32 39 3
2 22 1
41 47 5
20 0 5
27 45 2
15 8 1
5 0 2
22 46 3
11 16 4
26 44 9
0 45 8
3 35 2
49 36 9
18 16 8
44 9 2
22 6 2
47 44 9
16 31 3
6 24 1
34 13 8
37 16 9
17 13 4
29 27 7
19 18 7
36 13 9
21 17 5
28 22 5
49 16 5
32 28 2
26 3 3
41 10 6
40 9 5
3 47 8
31 26 3
22 25 9
42 2 9
45 10 5
4 38 5
36 21 8
13 18 7
0 43 4
41 8 7
16 24 5
49 23 6
0 38 5
18 13 4
6 8 1
41 39 9
5 43 5
9 42 6
6 30 9
19 31 1
37 34 7
43 32 6
29 12 5
42 38 7
5 45 9
43 47 6
45 20 3
1 14 2
39 48 9
3 18 4
4 3 2
3 41 5
27 24 9
3 22 8
3 4 8
6 4 6
48 19 3
19 39 8
18 31 7
28 31 1
38 48 3
49 34 9
7 16 7
10 4 3
28 36 2
7 18 6
47 42 4
17 35 8
14 2 8
47 1 4
25 38 8
14 31 2
21 5 2
22 39 4
22 2 6
24 2 9
30 37 5
47 7 4
44 22 9
0 31 1
0 41 5
29 34 6
35 28 8
27 25 7
31 13 2
41 17 1
18 36 3
46 14 2
9 37 7
34 24 1
30 5 7
26 22 4
26 43 7
39 28 9
3 37 7
19 27 6
10 14 8
7 47 7
24 20 7
10 41 6
46 48 6
25 12 5
10 29 3
41 34 1
45 4 8
12 25 2
9 33 4
46 7 5
33 34 1
41 37 7
12 6 8
30 9 4
14 43 8
5 39 2
12 26 6
39 19 2
24 19 2
22 20 4
2 29 6
5 49 2
45 9 5
36 25 3
28 9 9
20 28 9
4 12 6
8 42 8
4 16 2
5 3 4
7 28 2
44 33 8
41 38 3
8 14 1
19 5 6
48 9 4
47 29 8
44 38 7
15 47 1
0 13 4
38 30 3
5 42 7
7 14 4
8 48 7
44 6 5
40 45 1
0 25 3
23 18 5
23 19 7
25 2 2
39 37 9
49 5 8
7 29 1
45 15 3
43 48 2
2 25 8
1 41 3
49 2 7
45 7 7
4 29 2
17 40 9
45 8 6
25 46 7
17 47 7
33 28 2
30 6 9
44 30 2
32 10 7
5 33 7
15 6 1
23 28 6
15 9 8
23 34 5
10 45 6
0 10 4
4 0 3
19 24 7
11 8 3
48 5 3
37 26 9
24 33 1
34 44 1
0 5 9
41 42 4
8 16 8
44 14 4
42 47 2
43 9 6
42 16 2
4 5 4
13 11 3
31 15 5
39 24 4
35 19 1
32 38 9
15 48 8
28 2 6
39 12 8
25 23 5
39 44 6
5 9 8
7 45 6
48 14 4
23 33 8
6 25 5
6 29 2
13 23 2
21 25 6
40 22 3
21 1 8
31 21 7
0 9 6
24 40 3
9 15 5
47 38 7
14 3 5
11 2 6
9 48 5
8 1 3
42 18 6
39 6 8
24 30 1
2 8 2
41 6 8
0 29 2
23 49 4
38 39 8
40 37 2
11 21 4
2 12 6
0 40 9
49 6 2
12 45 6
37 41 4
31 18 1
8 18 1
8 20 4
13 9 8
40 0 4
27 34 3
40 26 7
29 17 7
8 44 6
27 18 1
3 11 4
18 32 4
9 27 6
23 3 4
23 40 2
25 30 8
1 46 7
2 42 9
18 39 6
43 4 4
8 24 6
12 5 7
13 22 4
21 41 9
16 15 7
31 9 3
11 25 5
37 17 4
43 17 2
16 26 5
6 31 2
21 13 3
19 25 7
1 3 3
5 47 6
48 32 5
23 22 2
9 30 7
8 6 1
14 30 3
36 2 6
33 0 6
0 16 1
38 19 2
29 0 2
34 32 1
23 6 5
31 7 8
30 45 1
30 40 7
40 17 8
29 46 8
48 24 3
20 10 7
24 43 3
22 13 2
18 49 6
47 13 2
22 44 7
10 30 2
8 12 7
37 48 1
24 49 8
22 8 1
10 20 9
28 23 9
40 31 8
15 43 9
33 48 3
33 14 8
20 39 5
41 31 7
4 34 1
39 8 9
6 27 4
33 4 5
9 1 8
47 10 6
40 21 9
22 31 6
24 26 2
24 12 5
39 18 8
49 17 3
38 36 4
37 11 3
14 23 3
49 39 4
24 42 2
46 12 5
37 42 5
13 16 4
36 34 6
44 49 2
18 28 4
12 44 8
48 10 8
48 16 8
27 6 7
18 8 4
44 0 8
21 16 9
48 31 4
42 40 8
33 45 3
34 41 6
31 34 5
48 20 3
49 27 1
18 37 9
21 43 4
15 21 2
19 16 1
30 42 9
42 45 8
46 33 8
10 48 8
18 25 9
9 13 1
48 15 5
19 11 4
5 22 4
25 27 7
24 25 8
8 40 2
35 6 4
44 41 5
43 26 5
18 5 1
44 47 5
8 21 4
49 11 1
15 12 2
42 19 4
38 1 8
6 42 4
6 3 9
4 36 3
10 47 3
40 42 1
26 36 6
21 22 7
1 31 1
33 15 6
19 32 4
37 35 2
27 41 4
2 23 3
8 32 1
40 5 7
27 21 6
49 22 9
37 28 1
35 11 3
31 0 6
1 48 6
16 13 3
20 2 5
47 23 1
47 21 3
23 5 9
44 40 3
11 5 6
37 0 6
35 25 7
20 40 8
40 39 8
29 25 2
43 36 3
19 0 3
3 36 7
26 47 1
8 11 5
33 18 4
32 37 3
19 7 7
35 41 8
40 4 7
28 12 4
9 4 8
48 7 1
47 8 9
45 35 5
37 15 6
29 1 3
0 1 1
6 45 9
23 27 8
33 44 5
31 27 4
34 23 7
34 33 9
42 44 8
6 26 7
13 37 4
12 9 5
40 15 5
20 37 8
46 8 8
35 31 6
8 27 8
22 9 4
35 20 4
3 17 6
46 32 2
20 1 8
12 24 4
29 20 1
35 4 7
13 36 2
0 4 8
21 3 9
30 41 1
23 4 7
49 41 8
44 21 6
16 3 7
10 44 7
17 12 3
35 29 5
33 23 5
35 12 2
34 28 5
32 3 1
0 36 9
25 43 6
27 9 5
36 8 1
40 13 9
6 36 5
20 30 7
12 31 5
17 31 2
0 39 1
26 16 6
5 32 7
18 1 2
23 12 8
43 33 9
17 29 8
14 39 6
9 41 2
3 34 5
30 3 5
33 32 7
11 9 2
47 31 8
4 20 8
4 18 2
22 36 1
1 6 6
6 43 3
15 1 5
9 32 5
23 20 2
13 14 9
37 6 9
41 48 4
49 3 9
37 31 9
39 21 7
27 5 2
1 42 6
11 28 2
24 15 6
3 0 1
13 4 4
17 11 4
28 18 5
26 17 1
27 19 5
24 38 2
38 14 1
6 47 4
19 49 7
16 0 1
12 46 8
14 49 1
7 20 8
8 37 4
12 21 7
2 7 4
16 6 7
22 47 2
7 30 6
16 19 7
13 15 9
5 30 4
22 30 4
12 20 9
5 41 2
7 24 6
31 48 6
8 46 5
46 18 5
4 9 3
10 39 1
41 16 5
22 5 7
19 47 5
13 6 4
31 8 2
33 3 7
23 11 4
15 25 7
17 28 8
45 47 4
37 1 4
47 3 3
39 7 2
5 14 4
46 39 8
25 0 8
26 14 1
16 47 9
4 28 9
21 12 1
29 2 9
29 18 3
47 22 4
2 13 4
32 21 8
16 29 6
30 7 6
46 1 4
14 21 3
31 11 8
36 35 6
47 14 9
31 47 5
35 36 4
33 38 1
44 19 1
34 0 2
21 45 4
41 30 5
10 6 3
29 7 5
27 43 2
3 15 1
6 0 2
1 39 5
36 20 4
13 33 4
13 44 3
1 0 2
14 1 3
1 2 7
38 15 5
1 33 6
1 35 8
5 23 6
27 13 6
44 1 5
40 2 8
43 25 7
4 27 8
39 45 8
9 44 6
30 16 7
6 32 5
28 20 1
15 0 6
35 44 4
33 13 5
31 46 8
43 35 3
1 19 8
43 29 5
20 25 5
29 33 2
2 21 3
44 2 3
28 3 9
15 45 7
11 7 3
36 49 4
27 15 1
45 11 8
33 49 8
26 37 8
17 30 7
18 11 2
10 8 7
29 5 6
10 36 8
32 42 5
37 19 3
11 18 3
45 27 8
37 21 7
30 27 9
17 24 7
37 27 4
44 5 2
38 12 5
47 24 4
12 40 2
29 14 4
0 33 5
40 35 8
17 3 5
21 35 2
0 37 9
7 35 5
27 28 6
8 34 8
3 20 6
50:950