15 0 1
11 7 8
13 29 2
23 7 7
6 2 5
4 7 7
26 8 5
6 21 1
0 6 4
28 9 5
23 18 1
25 26 7
26 28 7
25 13 1
0 20 4
4 1 7
24 4 2
5 11 1
11 5 4
19 23 5
5 13 7
6 4 2
18 25 4
19 8 4
28 25 8
28 13 3
11 13 9
13 7 4
28 24 6
11 23 4
17 28 9
25 0 7
19 28 4
15 5 2
26 17 6
18 3 2
8 0 1
0 24 2
29 17 5
5 24 8
8 28 7
18 11 2
14 18 6
6 24 9
6 27 6
17 1 4
29 10 7
12 3 3
2 11 9
22 8 3
23 1 2
28 21 2
14 21 7
13 19 9
10 24 2
25 12 1
4 23 7
4 19 6
26 1 4
4 28 1
29 23 6
14 27 1
13 23 2
27 11 3
26 12 8
11 26 7
3 19 3
27 18 5
23 3 3
4 16 8
4 9 6
15 21 5
21 17 4
18 0 8
20 2 5
29 15 1
9 22 5
22 15 7
22 17 5
13 0 4
6 7 4
22 19 4
7 14 1
11 18 6
20 16 1
3 13 2
8 7 8
12 9 6
22 28 3
28 29 3
29 21 7
15 14 2
25 11 5
29 2 8
15 27 1
23 15 6
28 0 4
28 16 2
8 15 8
24 7 3
19 9 4
3 27 5
13 11 6
23 11 7
17 14 9
18 7 4
11 27 2
21 5 7
1 22 1
3 1 2
7 17 5
3 28 6
6 22 8
10 16 1
18 9 2
0 10 2
21 22 5
23 22 5
23 13 2
20 22 9
8 17 1
25 6 2
24 8 5
23 21 8
7 20 1
26 24 8
1 8 7
15 28 9
3 11 9
22 21 7
20 26 1
3 22 7
14 11 3
15 13 9
9 6 7
20 3 7
4 18 3
11 10 8
10 13 2
29 8 2
8 27 6
10 6 3
4 21 4
29 11 4
29 1 5
13 12 4
24 27 9
13 20 3
20 17 3
6 20 6
28 6 7
27 8 3
7 5 2
16 28 8
16 25 7
0 18 2
8 3 2
14 2 1
10 0 9
20 21 7
0 21 3
17 3 3
7 23 3
2 13 3
22 23 4
7 0 2
4 3 2
4 12 8
24 9 8
17 25 9
19 18 9
16 27 7
10 18 3
24 22 1
17 4 5
10 11 4
21 29 2
3 23 2
27 15 8
11 3 3
4 0 6
22 9 4
4 27 4
16 13 8
18 21 5
23 28 3
3 8 7
20 9 4
0 13 9
9 2 9
26 7 5
6 25 7
27 13 4
21 19 7
5 19 6
14 20 8
9 18 3
7 28 5
17 27 2
24 13 5
8 1 2
2 3 9
14 0 2
13 4 6
21 15 8
15 24 1
10 28 7
21 23 1
18 27 8
19 25 8
3 9 2
22 13 3
12 17 1
4 11 2
23 19 9
1 20 8
21 25 1
21 13 1
29 9 6
29 4 1
12 20 7
28 15 7
20 5 9
7 13 1
11 17 5
18 1 9
20 1 5
29 26 6
5 0 2
4 17 5
22 1 6
29 27 2
14 5 8
24 17 9
30:234