9 1 8
21 15 3
28 32 3
24 45 6
40 22 9
27 19 2
11 5 1
20 15 2
37 30 8
2 36 5
17 21 8
48 8 1
4 1 4
15 6 6
29 43 9
32 13 3
35 3 5
7 4 6
36 38 2
25 23 2
1 27 5
2 41 1
47 19 1
39 26 5
33 40 2
18 40 4
19 44 7
8 17 9
26 38 3
14 1 4
46 19 9
43 29 9
31 45 8
0 19 2
34 10 8
16 13 6
13 21 5
6 14 7
23 20 6
0 38 3
8 4 1
5 49 9
44 6 1
42 26 4
2 7 9
10 20 8
4 40 2
22 14 1
3 11 3
3 41 4
6 29 7
49 23 6
45 28 2
8 9 8
8 31 8
30 43 1
6 7 9
41 34 4
2 27 2
8 0 6
12 46 9
4 26 4
5 28 2
3 7 7
9 35 6
5 17 5
38 44 9
1 45 2
5 34 2
0 5 6
7 1 9
8 27 9
1 7 3
3 39 7
2 18 7
1 35 3
2 9 1
7 27 9
4 33 8
1 11 1
50:80