6 12 4
15 19 7
14 12 3
10 12 9
7 5 1
15 17 3
13 8 8
9 1 1
3 16 9
15 14 9
10 18 6
5 9 9
3 9 6
7 14 4
5 8 7
0 15 3
10 9 1
0 8 8
4 19 6
18 2 1
13 16 1
4 1 7
7 3 8
19 0 2
4 18 8
18 5 6
10 13 1
2 11 8
3 15 4
19 6 8
3 0 9
11 16 6
19 11 7
9 16 1
13 10 3
18 4 3
5 15 7
11 10 4
14 3 9
9 11 6
17 6 4
19 10 7
6 19 1
1 16 4
2 13 8
13 14 3
17 15 2
13 7 7
16 15 3
3 17 7
12 16 2
7 0 4
10 11 1
18 19 5
17 13 4
6 10 9
6 5 2
1 18 9
8 17 9
10 7 1
9 0 3
15 3 9
5 6 1
19 7 6
7 4 9
6 4 5
18 12 6
15 5 3
14 7 3
7 12 2
11 8 8
4 0 5
6 15 8
12 17 4
12 2 2
3 11 9
7 15 8
2 14 5
17 16 9
11 14 8
0 3 4
10 4 8
6 3 1
2 10 5
18 6 8
7 18 6
17 3 8
15 12 6
12 1 9
2 5 5
4 8 2
17 8 2
5 3 8
15 10 6
19 17 2
11 3 1
18 0 9
1 12 8
18 8 2
12 15 9
8 11 4
6 18 2
6 13 1
4 7 1
7 1 5
5 11 3
18 15 1
10 15 1
18 1 9
7 17 7
0 10 1
9 18 5
13 19 9
15 7 8
16 17 2
0 14 4
10 5 5
5 14 1
1 7 3
6 11 1
18 11 3
8 4 6
2 18 1
13 0 5
8 7 8
13 18 5
12 18 8
9 12 7
2 15 9
4 6 1
14 9 9
8 14 4
16 3 3
1 17 5
18 3 6
13 1 1
10 2 1
8 3 9
0 18 2
7 19 5
17 9 8
10 16 2
17 2 2
11 12 4
8 16 2
16 8 1
17 5 8
13 17 1
15 11 5
5 16 8
12 5 5
15 8 1
20:152