4 17 1
1 11 6
6 13 6
8 9 4
0 13 4
28 3 9
22 16 9
24 13 6
29 6 9
15 27 7
4 11 3
25 17 7
15 13 6
10 2 1
7 23 3
12 15 8
19 28 5
21 13 1
29 12 3
9 13 8
10 6 6
22 24 8
25 22 9
20 12 2
0 18 6
18 8 7
26 14 2
11 15 4
10 23 9
23 11 4
23 5 2
1 14 5
14 26 7
25 29 6
3 26 7
16 18 6
9 17 8
10 29 5
2 21 7
12 11 7
3 6 3
26 15 5
9 10 6
19 24 7
21 28 2
19 7 9
5 11 3
5 23 5
11 18 7
17 21 9
17 28 9
16 9 3
0 26 7
14 22 6
26 7 4
19 23 3
9 5 4
9 7 3
16 15 2
27 8 2
6 1 1
29 4 4
11 29 7
24 12 9
10 7 6
17 16 6
27 18 2
5 1 4
14 19 3
7 14 3
18 22 8
26 8 3
19 2 4
4 8 4
4 5 6
8 14 6
22 20 4
5 24 2
9 28 9
27 1 8
27 20 8
0 28 2
28 8 1
28 16 3
25 16 1
0 23 1
20 10 3
6 8 5
3 25 4
15 7 8
27 12 8
6 24 3
11 20 1
26 3 3
21 17 3
8 19 7
4 13 8
13 8 8
1 2 6
23 25 5
7 4 7
8 20 7
13 15 7
11 9 4
8 5 7
1 26 5
0 6 7
17 13 4
24 17 1
24 0 7
23 27 7
8 11 7
27 9 6
6 17 9
19 12 7
15 28 7
9 2 1
21 15 8
13 0 5
15 2 4
16 3 8
19 26 4
10 22 6
27 5 7
13 19 7
22 0 7
9 14 5
7 15 5
11 22 4
7 6 5
3 16 8
2 17 6
16 1 7
29 18 6
29 11 7
24 21 7
6 20 9
20 4 3
16 0 6
11 2 3
22 14 2
13 24 6
10 11 1
19 11 1
20 27 1
14 25 8
26 11 4
0 20 1
21 8 4
15 18 6
9 0 8
4 28 4
12 4 6
13 6 5
10 4 1
20 29 6
12 13 3
6 19 6
25 24 2
18 5 2
20 28 9
13 4 4
21 19 3
29 16 3
21 3 9
25 1 3
28 5 3
4 6 5
8 12 8
8 17 7
6 23 7
4 14 4
22 28 1
6 18 3
28 7 2
24 16 4
4 24 1
26 17 4
23 4 4
13 7 3
28 18 5
1 19 6
0 14 7
19 17 4
13 26 9
16 14 1
11 21 7
24 27 1
23 20 8
21 11 7
28 1 4
13 20 6
14 16 5
4 29 8
15 11 2
6 14 5
18 14 4
21 25 2
13 5 6
22 2 7
0 12 3
3 5 8
12 3 4
25 28 7
13 2 3
13 18 5
9 22 2
25 0 7
5 4 2
29 14 3
8 16 5
1 27 2
11 1 9
23 19 7
17 23 4
24 8 1
25 5 4
24 5 8
16 28 4
23 12 6
28 26 1
24 28 9
16 29 1
9 15 2
7 12 3
12 24 9
15 5 6
28 22 2
21 18 3
10 20 5
11 13 8
12 21 3
29 15 1
18 21 1
12 1 9
25 4 3
13 11 7
6 11 9
21 4 5
26 28 5
0 8 9
7 5 2
12 20 8
27 17 4
8 0 8
4 15 6
27 4 4
2 28 7
9 8 9
27 14 7
4 22 2
12 23 1
19 8 6
7 18 6
10 3 4
24 11 5
2 26 4
19 15 5
25 12 3
16 7 1
1 4 3
16 10 9
12 19 2
15 10 5
0 4 7
10 17 8
7 22 4
0 9 9
2 9 6
26 9 5
3 13 3
4 10 3
23 14 9
28 10 8
29 2 5
5 20 9
10 27 9
3 12 4
12 17 4
6 4 4
15 16 4
1 0 6
21 23 1
17 8 7
17 4 9
5 21 6
11 5 3
16 2 7
8 3 8
11 25 5
29 17 2
15 26 9
18 26 3
25 7 2
14 6 4
16 26 6
14 11 6
10 14 2
20 8 3
2 18 4
23 18 3
8 23 3
8 22 2
17 1 2
18 16 3
28 2 1
15 3 1
16 13 1
9 12 9
17 0 7
21 27 1
4 19 8
20 15 8
23 0 8
14 15 9
19 27 6
11 14 8
0 21 1
5 10 7
15 29 6
20 22 1
28 17 5
27 13 2
18 24 9
0 10 8
8 27 7
2 16 7
23 7 2
22 3 2
5 2 5
23 29 6
23 13 2
5 18 2
14 13 8
9 16 3
15 21 5
3 10 9
19 6 6
21 24 4
16 4 9
16 6 4
26 22 2
15 4 1
12 18 5
24 14 6
21 12 1
2 5 5
21 0 8
6 21 2
24 7 7
4 9 5
3 14 6
18 9 7
8 18 5
5 15 8
14 21 2
3 2 4
28 11 6
22 10 9
9 1 2
19 13 9
8 6 5
7 26 4
14 27 3
7 1 8
24 25 4
11 8 6
8 25 9
29 5 1
24 9 3
16 27 2
29 26 1
10 1 5
3 17 8
24 20 1
26 1 5
1 8 1
6 26 6
28 6 7
2 7 1
1 20 4
11 4 6
4 16 2
2 8 5
6 0 7
3 7 7
27 6 6
1 6 1
22 23 2
20 24 2
5 22 4
7 24 6
23 2 8
0 15 2
26 27 5
23 3 5
13 1 5
4 23 1
24 15 8
19 5 5
28 27 3
29 10 9
12 22 2
29 8 7
9 19 9
1 25 9
24 4 2
17 7 3
1 10 8
28 25 5
16 25 8
11 3 8
0 11 6
18 29 9
17 15 7
17 26 9
2 10 4
18 28 4
7 13 3
19 16 9
8 15 6
20 11 7
17 19 6
2 22 1
0 5 8
23 6 1
21 5 2
3 27 4
7 20 7
18 7 1
3 28 4
1 9 3
27 7 3
14 12 2
20 21 8
5 6 8
6 2 7
18 23 3
5 12 3
23 16 5
12 26 7
26 16 8
25 8 1
7 16 6
12 14 5
26 18 2
5 14 5
27 11 4
2 19 7
0 27 1
27 19 5
26 25 9
3 9 5
19 25 3
21 1 2
4 2 5
21 16 7
25 10 2
29 13 2
10 19 3
6 27 7
13 12 1
18 11 4
28 20 6
25 13 6
0 24 6
2 4 7
28 19 1
20 14 8
12 7 8
18 13 9
9 3 9
16 22 6
4 3 9
22 9 2
23 21 6
29 9 3
12 29 9
25 2 8
5 7 7
29 3 9
10 12 7
8 4 6
11 24 6
12 5 2
8 13 4
10 26 7
27 21 1
5 19 8
23 9 2
0 7 3
25 20 3
24 19 2
28 9 6
17 20 9
1 7 1
20 16 4
29 20 8
19 22 1
2 23 3
12 8 1
0 19 2
8 7 4
6 9 8
18 10 5
18 12 6
9 21 4
28 23 2
20 18 9
22 12 8
22 29 4
0 22 2
27 2 7
2 13 7
9 4 1
14 28 3
3 29 1
22 26 1
29 7 1
2 29 1
19 9 8
4 0 1
9 29 4
5 17 7
6 3 1
14 9 5
19 21 1
12 6 8
18 3 9
26 24 3
29 24 4
1 28 3
21 9 2
7 19 2
11 10 8
22 21 8
2 11 1
8 29 2
27 23 7
23 22 5
7 9 7
13 17 2
18 2 6
24 29 7
22 5 2
10 25 3
24 1 8
17 29 6
15 20 8
17 5 8
22 27 5
14 7 3
12 2 6
21 7 3
1 5 6
2 14 8
13 29 8
1 22 7
1 16 7
16 19 2
1 12 7
6 28 7
21 10 6
10 28 2
5 26 4
28 15 5
7 29 8
19 10 5
2 1 4
28 13 6
14 0 5
3 0 2
10 13 8
4 18 3
2 12 1
17 22 7
1 13 1
26 0 6
29 27 6
18 4 3
27 22 7
7 8 6
14 24 9
20 1 3
4 21 5
3 24 6
11 23 3
14 1 7
19 0 2
13 3 4
20 17 8
13 9 5
16 21 4
11 19 1
17 10 3
15 24 5
28 4 7
16 20 3
28 21 7
29 25 8
2 20 9
6 16 2
5 0 1
14 10 2
8 28 6
7 25 2
5 28 5
10 5 9
26 29 4
0 3 8
3 19 8
19 29 9
30:612