29 5 6
38 9 1
16 31 8
17 0 6
3 15 9
6 30 8
19 22 1
6 33 5
30 15 8
17 28 2
18 10 8
34 13 5
26 9 8
17 14 3
6 4 8
14 23 3
7 20 5
36 3 7
30 36 1
35 9 1
26 5 7
39 2 1
1 7 2
18 5 7
39 29 6
24 0 6
29 39 5
17 31 9
32 35 9
37 10 5
36 1 6
10 27 6
36 29 6
21 28 3
12 29 4
33 4 7
22 13 7
5 30 3
28 21 2
27 26 2
34 33 2
13 34 9
12 10 1
4 19 6
18 32 2
9 38 6
39 37 6
0 1 9
28 5 4
1 35 7
4 25 4
4 12 9
9 26 5
16 28 1
25 16 7
20 1 9
12 25 3
22 36 2
16 34 5
4 39 5
2 22 2
32 19 3
29 3 9
20 14 3
20 17 7
4 3 6
37 27 3
15 4 7
13 30 4
9 18 1
34 30 7
0 13 3
8 32 6
33 15 3
19 18 2
7 18 7
39 34 7
38 7 1
10 29 6
31 26 6
0 31 9
24 21 9
37 11 5
37 5 1
3 35 8
17 16 1
29 0 7
6 28 4
18 37 8
35 39 3
6 38 1
33 21 2
25 38 5
1 16 9
26 30 1
5 18 1
4 1 5
2 20 9
39 28 5
18 11 5
20 3 6
34 0 7
30 11 4
35 29 2
21 29 2
18 27 7
30 35 4
3 20 8
35 4 5
13 10 1
9 35 5
12 6 7
34 5 5
23 9 5
27 20 1
23 25 8
31 5 3
7 0 4
25 14 4
1 19 9
14 12 1
35 38 7
12 18 2
36 37 1
27 6 9
31 37 7
15 13 2
3 24 4
23 31 6
4 0 9
2 3 2
34 39 7
27 12 4
37 26 5
8 10 2
32 22 3
1 2 4
6 24 9
39 9 8
19 27 4
7 21 2
22 14 4
29 27 2
0 18 7
39 13 3
6 25 5
27 4 9
14 39 2
21 15 9
14 37 4
17 36 2
5 3 8
3 10 7
26 33 1
5 32 8
29 31 1
34 19 9
31 6 2
32 37 6
20 9 7
9 15 4
38 25 4
20 7 5
23 15 3
13 5 8
11 13 8
37 24 5
39 6 2
15 30 8
34 12 8
25 32 9
6 16 5
19 35 2
35 19 4
7 27 7
17 11 8
12 2 8
39 10 7
1 14 9
5 17 5
3 9 7
10 25 3
3 34 4
3 2 1
7 17 8
25 4 6
35 23 7
13 3 4
4 35 6
35 32 9
25 34 2
1 17 2
30 6 3
30 39 3
3 22 2
36 23 1
0 23 9
12 14 6
7 36 3
26 15 4
37 15 5
26 20 1
8 7 5
25 22 4
11 39 3
15 12 9
13 28 1
28 25 1
2 1 5
27 32 6
39 21 1
19 34 5
39 38 6
23 39 6
3 37 3
18 39 7
37 20 2
32 10 6
8 6 8
38 22 9
34 36 5
4 20 5
7 13 8
30 24 7
30 16 3
10 17 8
26 14 4
29 23 3
38 4 9
38 13 5
7 32 4
23 0 5
5 27 6
6 22 3
8 30 7
29 21 9
13 7 4
26 18 8
26 29 5
22 21 3
16 36 9
10 26 8
37 17 9
8 20 3
27 10 8
6 15 2
3 27 3
23 28 7
14 3 1
7 29 6
27 29 9
32 9 2
38 15 2
35 24 4
38 20 9
24 15 2
37 3 5
5 4 2
4 33 3
39 5 4
15 36 4
37 19 6
3 8 4
2 14 3
23 12 7
25 26 8
5 1 1
15 1 3
8 11 9
14 22 1
3 11 2
22 37 9
39 25 9
18 31 9
24 39 4
5 33 5
37 25 3
24 14 6
3 6 5
0 5 5
31 24 9
16 0 5
15 38 7
19 26 7
4 5 4
32 13 4
31 18 6
12 11 1
32 39 1
22 28 4
23 7 2
10 31 2
19 32 3
14 6 7
21 17 5
3 5 6
25 12 8
20 24 4
12 37 7
32 24 3
17 4 1
17 8 3
35 31 3
33 19 4
5 2 5
21 0 1
30 18 9
38 36 2
33 23 4
37 14 8
38 10 9
38 39 4
26 12 6
13 6 5
30 13 6
36 10 7
15 22 8
31 33 2
1 24 6
36 15 7
0 22 3
11 7 6
35 22 9
3 30 6
21 5 3
4 24 2
39 4 3
33 5 5
6 37 2
38 37 4
30 5 6
20 33 8
30 29 9
7 24 9
15 25 3
32 31 2
38 32 8
23 22 6
23 2 2
34 2 8
17 26 9
16 19 8
5 25 8
17 22 6
8 22 4
32 27 5
32 29 7
28 35 6
21 24 6
6 19 5
4 38 3
11 6 1
34 15 7
32 1 2
23 21 3
16 27 4
33 31 5
7 11 5
28 23 9
27 15 3
34 38 7
19 2 3
26 11 7
20 22 4
0 24 6
6 31 4
37 16 2
25 6 8
8 21 9
15 27 3
6 20 6
12 38 5
1 3 5
20 39 5
24 22 3
30 0 7
33 7 4
35 27 9
32 20 4
36 26 5
11 30 4
5 28 6
17 12 2
29 22 2
17 37 8
37 1 8
31 32 5
10 9 6
17 30 4
18 6 5
30 28 7
19 11 6
28 33 2
1 25 6
21 20 3
33 25 9
13 0 2
33 2 5
21 27 8
18 15 8
8 31 4
10 21 5
19 14 5
31 19 3
4 16 5
33 18 3
26 28 4
10 15 4
16 5 3
16 9 4
8 34 5
3 13 3
21 36 3
0 20 4
23 18 3
9 23 1
18 13 1
17 15 2
32 2 3
32 28 8
6 36 7
15 20 9
13 39 7
1 39 4
24 38 4
16 20 7
2 24 9
4 37 6
13 29 6
35 20 8
22 19 5
23 27 5
22 18 8
10 8 8
26 36 9
0 35 9
23 3 1
2 5 9
22 26 9
10 24 5
20 4 2
1 31 3
38 26 5
17 20 4
5 39 1
38 18 6
20 0 6
1 36 3
9 34 8
4 28 2
14 15 6
25 36 5
26 27 6
27 7 9
21 30 2
19 25 6
29 37 1
30 3 5
33 12 1
28 26 2
27 23 1
8 1 1
2 17 3
5 21 4
29 4 2
16 24 5
11 32 7
29 28 2
15 29 3
13 17 6
20 6 7
26 19 3
24 23 5
25 0 5
35 16 4
5 35 3
5 11 4
14 8 8
27 16 7
21 35 4
24 27 1
9 33 6
20 38 5
8 3 2
4 14 3
8 19 4
7 38 3
23 19 4
26 1 4
25 13 5
23 30 3
8 37 8
26 22 6
26 25 2
32 14 7
35 30 9
36 19 1
38 11 9
39 32 1
20 32 6
19 7 8
24 34 1
21 12 3
29 34 3
31 14 6
25 7 8
5 9 9
33 35 1
8 17 9
39 14 2
25 17 9
1 23 8
23 13 8
1 29 6
14 7 6
22 7 1
14 30 7
6 34 6
8 33 4
17 13 5
24 29 6
30 26 3
33 29 1
2 10 6
27 25 9
5 8 2
2 33 8
20 5 6
18 7 7
2 25 5
21 3 2
9 5 7
1 22 2
1 0 2
28 27 9
25 11 4
1 26 2
31 22 6
19 1 8
15 16 2
38 19 6
16 12 7
19 36 8
11 19 4
36 12 8
16 15 5
10 3 7
24 19 1
10 20 4
35 18 1
38 14 1
23 10 9
10 35 2
33 9 2
25 23 4
28 13 4
24 2 9
35 37 7
2 0 2
4 17 9
34 23 5
1 8 2
2 21 8
32 3 3
14 18 9
24 31 7
34 22 2
1 34 5
15 21 5
26 3 6
6 17 6
17 32 8
31 9 6
37 22 2
23 33 2
25 1 5
10 18 8
31 27 4
7 2 2
4 27 9
26 0 4
5 38 3
22 35 6
34 7 3
13 11 5
35 6 4
9 12 1
34 3 8
21 38 7
14 11 5
11 28 7
27 8 7
27 28 1
39 23 4
14 25 2
6 27 2
28 4 8
32 38 9
8 29 5
29 32 8
2 19 4
39 7 5
34 28 5
24 20 2
12 20 5
19 4 3
12 17 2
35 17 9
14 33 8
3 23 6
31 23 7
27 17 6
36 24 3
15 33 1
10 5 7
30 7 8
15 3 9
20 13 8
28 16 2
31 29 1
37 0 2
6 26 1
39 16 7
29 17 5
23 6 3
11 17 4
0 6 1
12 5 8
9 27 9
21 9 6
7 12 8
27 5 1
18 38 9
13 32 8
19 20 5
7 31 6
16 2 7
15 34 1
14 29 4
30 27 2
21 8 7
30 38 4
0 39 7
11 5 6
29 16 8
24 28 2
32 33 7
10 23 8
15 5 9
25 15 6
26 4 5
35 8 7
0 19 3
21 11 3
31 8 3
37 38 1
5 12 2
18 20 2
23 38 8
24 18 6
35 14 6
31 39 9
17 3 2
3 14 3
20 8 9
24 1 6
27 11 2
39 3 1
21 19 7
7 4 8
20 35 9
38 0 5
34 18 8
5 24 4
0 37 2
32 4 7
32 18 5
0 38 4
7 6 3
6 0 8
16 14 1
21 14 4
36 17 2
18 12 8
39 0 3
6 32 6
31 1 9
32 23 7
32 30 5
19 30 1
11 31 2
18 0 7
10 28 7
33 11 7
9 21 1
0 36 9
29 33 9
34 31 5
19 37 3
6 23 4
23 20 2
39 1 4
3 4 8
36 9 8
15 31 2
16 33 6
15 2 6
22 38 3
14 9 4
0 27 5
21 23 7
5 22 2
1 10 2
11 1 7
13 4 2
35 28 3
9 36 6
10 0 5
28 29 9
11 9 4
38 8 3
19 29 2
12 1 1
39 18 5
39 19 8
14 4 7
9 39 7
10 30 8
36 25 6
36 13 9
31 28 5
35 21 2
2 30 9
39 30 5
20 36 8
12 21 7
4 23 5
25 18 3
22 20 5
31 35 4
33 16 1
37 31 3
10 33 3
7 28 5
5 19 4
22 12 8
13 16 2
11 25 4
36 31 3
2 13 6
2 29 7
26 35 9
18 21 9
3 38 6
1 33 3
21 22 3
37 6 4
18 19 1
24 11 4
9 30 5
12 34 8
34 1 6
38 30 8
16 22 2
6 29 5
12 7 5
6 3 4
25 33 4
19 28 7
2 28 7
38 33 1
16 6 3
35 7 6
24 16 9
3 39 1
34 26 8
1 12 2
30 37 1
17 7 8
11 34 1
17 39 4
34 24 4
37 29 9
26 31 4
35 26 9
35 3 9
35 25 5
28 11 8
31 4 1
9 7 2
8 25 1
37 33 6
37 13 6
15 32 1
18 28 3
14 13 7
6 35 7
1 15 4
38 2 9
24 17 1
12 30 4
39 17 3
28 6 8
15 23 2
2 26 8
5 10 3
7 26 4
24 13 2
25 28 7
12 13 7
34 9 1
34 25 7
17 29 1
37 39 1
33 0 5
4 22 6
17 24 6
38 17 6
36 30 6
1 37 4
15 28 4
24 6 8
28 8 5
29 20 3
24 37 2
16 21 1
11 36 3
11 18 5
12 27 6
17 19 4
30 2 7
0 16 6
1 38 7
35 2 5
38 34 5
33 32 8
20 23 5
39 35 9
30 9 8
38 35 8
5 14 3
4 32 5
25 2 7
28 3 5
2 8 1
9 22 6
4 11 6
6 5 7
37 32 9
19 38 7
2 31 3
28 1 6
8 23 4
37 28 8
0 30 4
12 9 5
2 37 7
11 12 1
3 7 1
15 7 4
3 1 9
37 7 9
29 18 9
20 26 1
5 29 8
38 3 5
9 10 1
31 36 4
19 0 9
0 3 5
24 3 5
10 11 3
38 29 4
13 27 3
24 32 1
13 31 7
7 5 9
9 32 6
24 33 5
17 38 5
30 23 3
31 10 7
7 39 7
32 26 2
5 7 8
34 14 5
9 16 2
24 35 3
11 35 2
25 5 8
4 30 7
17 10 8
7 16 9
11 37 8
32 0 9
14 10 8
18 26 7
33 38 2
30 14 1
12 32 8
0 7 1
11 24 8
31 16 9
31 13 2
17 34 3
30 32 9
33 34 9
16 29 3
29 24 7
20 18 5
33 1 5
27 3 7
25 31 7
13 22 3
0 15 6
8 36 8
3 19 2
1 6 4
7 35 5
10 37 5
10 7 9
5 16 1
4 18 2
6 10 7
13 2 1
35 13 9
1 5 6
32 16 5
32 15 9
31 17 7
27 30 2
12 35 2
22 29 6
1 28 7
27 39 6
7 1 8
4 26 9
4 13 2
28 9 2
10 12 2
19 21 4
22 39 5
37 2 9
17 33 8
39 15 4
25 10 3
16 7 6
36 33 5
3 26 6
29 1 7
36 2 2
38 12 4
9 20 9
16 1 2
7 19 9
23 36 4
6 21 5
5 6 5
38 24 9
2 12 1
28 17 3
11 0 7
4 36 4
24 25 8
30 8 2
25 30 6
30 31 1
28 7 4
18 35 9
5 15 2
26 37 1
23 16 9
30 22 6
26 16 8
22 6 2
30 34 6
9 4 7
31 0 1
22 11 8
37 8 5
20 19 4
12 15 4
21 13 2
13 36 1
15 6 4
24 30 2
34 20 3
36 32 7
24 7 6
9 2 8
15 37 8
9 25 7
27 24 4
33 3 1
9 14 8
15 18 8
22 32 3
33 17 6
34 8 7
5 37 2
22 31 2
8 28 4
30 20 4
36 34 5
24 4 8
10 32 7
12 23 3
28 22 9
36 20 3
17 9 4
33 26 9
38 6 3
16 38 5
26 6 8
20 37 3
15 0 7
19 9 9
6 11 2
12 28 9
27 21 4
11 8 9
27 38 7
26 8 3
12 0 8
12 4 8
23 32 9
16 35 9
20 31 1
32 8 1
20 21 5
22 17 9
18 30 5
11 27 7
30 21 5
20 15 2
26 32 3
29 7 6
21 2 3
25 37 2
29 14 7
35 1 4
3 31 8
8 12 2
16 39 1
6 14 1
7 8 7
8 15 3
15 35 1
23 8 7
38 16 7
29 36 3
8 4 9
5 34 7
2 23 7
30 4 4
3 32 8
29 25 2
26 17 3
32 21 6
15 19 4
0 8 8
39 33 2
27 36 9
34 27 1
0 10 5
2 7 7
39 22 2
31 15 8
18 8 1
8 5 2
14 16 9
1 13 6
1 30 1
18 2 7
37 36 5
21 10 9
0 4 2
35 0 3
13 33 6
19 33 9
13 24 4
26 34 7
25 39 5
37 35 1
34 35 5
29 30 6
13 9 4
11 14 7
27 13 9
16 18 2
36 16 5
10 38 5
36 35 6
12 22 5
11 29 7
27 37 8
2 27 7
39 31 5
28 20 6
12 36 6
24 12 1
37 34 4
32 34 1
14 35 1
18 24 2
17 23 2
33 39 7
13 23 6
7 10 7
36 21 9
23 14 7
14 28 9
28 24 4
28 15 6
13 1 4
14 2 5
19 24 8
28 0 1
25 24 5
5 13 3
0 2 3
25 21 3
22 3 2
31 11 8
5 20 5
22 33 6
16 37 6
33 20 6
0 12 3
11 2 9
1 11 5
33 14 1
25 35 9
29 2 9
29 15 2
13 14 2
11 21 9
14 1 1
29 10 6
28 18 7
34 16 5
5 0 2
25 3 7
10 39 4
34 10 4
34 17 4
39 12 4
36 5 5
20 30 6
31 30 3
11 10 4
23 24 6
30 12 2
16 11 7
8 2 7
23 29 8
19 13 4
8 38 6
17 25 7
11 4 8
15 11 5
17 18 3
22 9 3
10 1 7
10 34 8
19 5 5
31 25 1
22 25 5
7 15 6
9 11 3
30 19 9
27 2 3
36 4 9
0 25 3
36 38 5
16 4 4
14 17 9
14 32 2
32 7 1
21 4 8
14 27 8
32 11 4
6 1 2
2 4 4
40:1184