0 17 4
6 11 3
10 1 3
15 1 8
4 5 9
17 0 6
10 9 6
2 14 2
16 11 3
4 14 1
2 13 3
8 16 4
0 13 8
9 8 7
15 12 5
4 12 9
5 3 7
3 11 4
14 11 6
11 9 1
19 8 1
12 9 8
14 1 8
9 7 5
8 14 1
17 18 7
7 11 9
4 17 7
11 14 6
12 3 7
10 19 9
7 3 2
7 8 7
3 7 7
0 19 5
14 6 6
0 14 5
18 2 7
4 3 8
16 14 6
4 1 3
11 0 3
9 19 6
11 7 4
8 3 3
5 13 5
9 16 2
5 17 8
14 12 1
0 6 3
17 4 1
13 3 2
13 17 9
3 13 9
0 12 7
18 4 5
5 18 1
13 12 4
5 6 6
9 6 6
10 7 6
13 0 3
15 17 4
2 3 2
1 4 4
12 11 4
1 9 1
3 14 8
10 8 2
6 0 1
4 18 2
10 3 1
10 14 2
8 4 6
1 8 1
4 15 3
1 18 8
18 19 6
3 5 4
11 4 5
1 17 1
9 14 5
2 4 2
8 15 1
13 4 4
18 16 8
6 15 6
18 5 9
18 6 4
3 6 5
17 3 8
15 13 5
7 10 8
16 10 9
16 7 6
18 12 8
17 2 4
15 9 8
10 16 4
2 8 2
12 17 8
3 0 1
18 13 4
16 1 8
15 14 6
6 10 4
16 15 7
5 2 7
11 8 5
12 16 6
9 13 1
6 16 5
12 13 8
6 2 9
0 15 8
6 18 6
6 4 7
11 2 8
10 5 9
16 4 6
15 4 6
19 0 3
12 14 8
18 0 7
17 1 5
15 3 1
14 17 2
8 6 5
2 11 6
19 5 5
17 16 1
16 12 8
3 9 5
15 10 2
13 10 9
2 15 2
9 0 5
14 7 2
4 2 1
8 12 7
15 7 7
1 7 3
4 10 1
0 9 3
4 13 4
18 10 6
8 5 3
3 1 5
18 8 9
6 14 3
8 7 4
14 8 4
7 15 5
0 10 2
7 19 3
10 18 7
4 16 4
13 5 5
1 13 1
9 3 6
19 13 5
12 5 5
14 3 1
6 1 9
7 5 9
12 2 8
3 15 2
17 13 7
19 9 3
0 11 6
10 0 5
9 15 2
2 10 6
19 18 3
9 10 1
14 2 5
3 18 8
17 9 2
6 3 4
13 7 9
15 18 1
19 12 8
13 8 1
11 1 3
8 11 4
18 7 4
5 15 4
8 9 9
3 10 3
15 5 9
11 3 3
0 8 4
12 7 3
18 9 2
16 19 8
10 13 1
5 8 7
5 4 8
1 5 6
5 19 4
18 17 5
9 5 9
16 3 9
6 9 3
7 14 2
4 9 1
14 10 3
16 2 9
2 7 1
12 4 7
0 16 8
16 17 1
10 11 9
19 2 3
14 9 2
7 18 7
0 5 3
4 11 1
16 18 7
0 3 2
18 3 5
2 5 7
10 6 7
18 14 1
8 10 8
11 17 8
2 18 6
3 19 1
19 7 6
3 12 4
12 1 7
4 0 1
18 11 8
13 9 9
7 4 6
17 7 7
8 2 3
18 1 2
12 10 3
10 12 8
11 13 7
13 6 4
17 8 9
1 0 7
17 5 2
13 14 3
13 19 1
16 8 8
20:248