31 11 3
35 0 4
27 31 9
3 12 2
7 18 6
31 15 3
5 35 2
14 28 6
39 21 4
0 23 6
38 7 6
29 9 1
23 3 9
1 19 3
24 17 4
4 1 3
8 7 2
21 30 9
12 31 4
30 37 1
2 18 5
39 3 9
27 6 2
5 4 5
1 17 9
8 33 8
37 31 8
15 19 3
35 34 1
15 38 1
12 5 1
21 24 3
32 8 1
27 5 4
12 16 7
38 18 3
36 28 7
32 31 1
10 25 7
23 30 6
33 6 1
28 20 6
22 27 2
6 18 5
39 2 3
23 25 2
33 37 8
34 11 4
21 2 4
12 26 4
3 18 9
39 19 2
8 18 4
14 27 8
12 19 2
31 13 4
23 35 2
15 17 4
36 1 5
0 2 6
2 29 4
13 11 2
7 25 9
23 39 1
32 0 8
24 5 1
20 34 8
20 4 3
31 1 9
7 17 2
17 35 5
33 2 3
30 12 1
14 5 5
1 7 4
35 18 2
33 25 9
27 33 4
30 10 9
7 26 9
12 24 9
28 0 8
22 2 9
37 8 5
22 6 1
25 4 4
33 0 9
16 38 1
32 24 3
8 19 6
24 23 9
12 22 4
3 29 7
11 38 4
32 33 2
37 14 6
13 15 1
28 7 7
25 0 7
9 30 7
32 13 5
15 24 3
7 12 3
37 7 9
10 14 7
18 20 8
17 7 9
11 21 6
28 4 4
37 32 5
11 15 6
33 1 4
30 27 3
39 22 1
19 21 8
31 38 6
25 6 4
33 30 1
20 14 5
8 39 4
20 12 5
6 17 2
25 13 5
13 19 7
4 9 6
22 18 5
5 21 4
30 19 7
26 21 3
21 16 9
23 33 6
21 8 3
22 21 6
0 28 3
10 28 7
9 36 8
39 23 9
30 26 7
5 18 7
27 19 5
12 4 1
2 13 8
1 26 1
38 34 3
30 22 3
7 33 9
1 18 8
5 22 6
13 1 4
7 35 5
34 21 3
33 39 8
9 31 7
5 11 7
33 17 6
8 12 7
19 30 8
12 39 8
25 30 7
36 32 3
31 6 2
34 38 1
36 30 4
16 1 2
14 3 3
14 36 7
17 39 4
17 11 8
19 27 8
16 30 4
36 22 6
6 25 3
7 4 5
26 28 3
7 2 4
33 27 6
19 16 5
32 14 2
16 31 5
23 15 6
16 14 4
9 32 8
16 32 8
31 22 8
15 5 2
12 38 3
26 3 7
28 2 9
5 15 7
35 17 4
16 6 7
14 0 9
25 22 3
34 35 2
33 3 3
4 23 1
37 13 1
9 4 1
18 17 5
25 35 5
35 21 7
32 12 8
4 3 9
25 23 7
10 1 4
7 9 8
38 19 2
24 3 3
0 11 4
6 36 5
38 1 8
5 33 3
19 5 6
31 5 7
10 6 2
29 14 8
15 9 5
20 8 5
36 0 7
35 26 5
6 35 8
0 35 3
24 25 1
5 24 5
11 34 5
38 37 6
14 8 2
21 10 2
9 21 1
3 37 6
37 15 5
25 34 2
34 29 2
15 23 1
11 25 3
29 3 5
20 28 6
18 38 9
6 5 8
8 13 6
28 36 9
6 13 2
9 6 7
32 15 8
0 20 5
11 37 1
38 6 1
11 0 7
19 8 4
3 11 9
28 16 5
1 23 5
34 2 6
36 26 1
9 28 2
31 8 6
36 15 8
39 7 1
30 3 3
37 21 2
14 38 2
3 8 1
33 23 4
11 7 5
35 3 8
29 13 7
29 21 7
19 23 2
29 8 2
8 29 5
22 35 6
30 2 4
18 30 3
2 32 8
5 29 2
13 33 4
33 12 5
8 35 3
36 18 6
35 13 8
35 2 1
24 33 3
28 5 9
13 38 2
2 35 3
2 14 5
6 9 8
5 17 5
19 1 3
23 19 2
23 11 6
12 33 3
23 20 9
16 22 8
32 36 1
21 11 8
27 29 8
39 16 9
19 32 2
38 13 5
12 7 1
29 37 6
2 22 8
3 34 6
39 28 8
13 21 7
25 5 8
6 11 5
10 18 2
38 11 9
3 39 1
8 26 1
5 8 5
3 20 9
35 28 3
8 37 7
21 3 3
17 21 2
18 35 3
26 16 3
27 11 2
5 28 8
29 12 7
2 17 2
5 31 9
26 39 2
3 6 1
22 37 7
26 17 6
4 15 9
30 28 8
12 23 9
39 6 6
0 24 1
32 20 6
2 8 2
11 20 9
16 10 7
15 27 6
28 35 3
1 20 8
19 34 1
9 20 2
22 10 1
26 36 6
7 10 8
34 14 4
1 28 3
30 35 5
12 21 6
33 32 2
11 22 1
20 32 7
32 16 1
29 0 3
20 17 2
2 5 6
4 11 1
26 0 8
37 18 2
32 5 5
19 13 2
20 0 9
31 7 4
4 29 8
22 29 6
24 2 1
1 38 9
16 7 7
3 19 1
18 8 9
32 38 9
2 9 4
29 15 3
10 30 4
27 8 2
0 25 5
1 29 9
35 36 1
27 24 4
38 9 5
26 24 4
27 20 8
25 18 7
33 18 3
6 7 8
7 14 2
21 7 5
1 15 1
9 14 3
2 26 8
7 22 5
29 39 9
21 34 5
23 2 4
15 31 5
21 19 6
1 9 9
21 33 7
0 7 7
37 36 7
26 5 8
4 39 2
28 23 2
0 22 7
4 26 8
0 17 5
33 13 3
7 27 8
23 34 5
30 15 5
7 31 9
18 24 4
18 4 7
21 23 3
28 33 6
1 0 6
8 24 1
19 6 9
32 11 3
34 10 3
16 11 9
19 28 3
26 6 5
22 8 4
10 2 7
16 3 7
26 2 3
14 23 4
24 34 6
16 8 5
1 11 1
27 35 6
3 21 2
12 1 8
6 20 6
13 24 2
14 35 2
8 9 5
25 26 6
25 9 2
15 4 3
4 21 9
8 22 6
20 26 9
17 38 9
15 20 1
23 37 4
13 6 8
1 36 3
6 21 5
0 4 9
32 27 6
36 16 8
38 2 9
27 9 7
24 30 7
8 17 2
3 15 8
11 29 3
22 38 2
18 34 1
8 2 9
1 16 3
14 30 6
26 11 3
30 39 1
36 5 7
35 11 8
33 5 3
36 35 4
13 36 5
34 31 5
24 22 9
21 37 8
9 8 9
15 39 2
9 26 5
10 24 2
6 32 1
4 38 4
4 35 3
26 9 5
37 30 5
34 6 9
39 15 1
17 8 5
32 22 6
12 13 8
3 5 6
26 20 3
30 34 1
6 22 9
34 33 4
34 26 9
31 26 9
26 32 8
1 39 1
3 25 2
27 23 1
0 12 7
0 13 2
35 38 7
21 26 6
14 20 7
22 16 7
10 5 6
20 27 9
19 15 8
20 35 6
11 36 5
38 0 1
2 6 7
19 0 1
37 1 6
7 29 2
1 32 5
27 13 6
5 12 6
37 0 1
11 24 4
13 7 9
6 24 5
11 9 5
22 3 9
20 6 1
13 17 8
2 31 5
22 20 8
33 16 3
9 38 5
34 20 7
23 36 5
34 37 7
5 38 4
11 28 5
1 37 1
6 31 4
20 19 4
20 1 5
36 31 8
18 33 2
21 27 5
9 12 6
22 13 3
35 30 8
29 32 1
13 3 5
32 3 3
6 29 2
20 21 1
28 27 4
13 10 8
6 8 4
29 23 9
13 31 1
15 1 2
10 22 5
24 16 8
36 33 6
19 33 6
2 37 2
15 12 6
0 27 5
9 17 6
26 13 1
28 25 7
25 14 9
0 3 1
31 32 8
39 18 2
4 14 2
34 1 9
4 8 5
25 36 9
13 30 3
10 16 7
26 37 2
38 21 3
34 3 1
9 25 4
17 26 3
26 29 7
14 32 8
4 12 4
32 7 1
0 21 4
10 15 7
10 33 8
10 4 5
34 22 4
36 17 1
36 27 3
24 32 6
12 8 1
0 36 2
31 23 7
38 30 6
35 33 5
13 27 7
0 6 4
14 10 7
19 38 5
18 27 2
20 7 1
32 37 6
11 13 7
38 39 1
40:608