22 10 5
2 10 9
18 1 2
24 19 2
0 9 8
21 2 3
6 32 5
39 19 3
28 36 4
5 35 1
15 33 9
4 7 6
29 16 7
29 8 1
9 5 4
26 13 7
17 13 4
7 37 8
2 26 3
37 32 9
33 16 3
35 7 8
28 1 6
36 28 1
27 18 9
13 36 3
31 16 1
0 7 6
39 14 3
5 29 6
25 10 5
15 23 7
8 14 9
33 21 3
38 26 8
31 13 7
3 35 1
24 5 8
17 21 5
16 3 4
22 12 2
24 8 6
9 29 4
8 18 6
37 5 4
31 12 6
11 36 7
16 12 5
3 30 6
16 6 4
0 5 9
13 6 9
34 13 2
33 2 1
23 19 3
22 2 7
3 27 3
27 5 3
19 5 9
5 9 7
25 22 2
27 1 9
37 24 5
29 1 2
22 24 6
4 34 9
36 38 4
12 36 9
18 28 2
17 27 6
34 10 7
18 6 8
22 17 3
3 34 1
8 30 5
26 0 1
10 6 4
17 24 1
10 24 5
2 9 8
5 20 9
9 14 5
21 30 6
11 14 4
21 22 9
4 39 8
1 31 7
14 0 3
34 1 9
13 26 6
15 6 8
8 3 9
31 14 9
26 39 1
35 0 4
14 34 4
17 31 8
1 14 6
5 2 5
12 13 8
27 22 5
5 10 8
5 25 8
20 4 4
8 38 7
34 25 8
36 2 7
5 18 5
37 25 2
1 39 8
25 23 7
36 25 8
23 29 7
5 8 8
27 17 5
30 20 4
15 9 4
37 13 3
30 29 5
20 34 8
20 18 8
33 37 7
36 11 7
13 3 3
29 12 9
5 24 7
39 26 2
38 3 3
18 20 8
16 39 6
25 37 5
39 2 7
14 31 8
12 35 1
31 38 1
3 5 6
6 22 3
38 34 7
6 33 7
30 22 3
33 17 4
33 18 1
23 0 5
8 21 9
30 10 6
27 38 1
38 10 6
39 16 3
39 37 7
38 17 5
2 25 8
15 26 2
20 23 8
16 26 3
19 0 6
30 9 3
13 8 9
3 24 4
3 6 7
5 19 2
19 33 4
30 23 7
33 13 4
31 33 6
25 2 4
21 16 7
32 0 2
4 24 4
2 27 1
32 36 9
29 38 7
21 15 3
7 23 4
10 32 8
37 31 6
11 37 8
29 15 3
15 36 4
27 13 9
16 7 9
19 25 2
21 1 3
39 3 8
8 32 9
22 27 6
30 7 6
26 1 2
25 15 6
25 38 2
29 18 1
15 38 9
26 3 3
15 5 7
24 23 1
21 39 8
30 12 7
15 10 4
17 18 1
17 22 6
37 35 2
12 15 1
3 16 9
37 8 7
16 34 8
38 18 5
35 38 6
21 4 8
15 8 5
28 17 6
4 12 5
8 0 1
30 5 5
15 21 4
27 26 5
34 24 8
30 3 4
12 14 8
6 15 6
12 9 2
12 4 7
15 0 8
7 19 7
2 35 8
10 4 7
21 32 5
12 8 3
14 33 8
32 12 8
16 29 5
12 19 6
3 33 2
6 23 7
20 3 5
3 12 4
5 11 1
32 15 8
20 12 7
13 9 8
14 24 5
18 31 1
7 5 4
34 6 1
37 29 5
14 36 1
20 38 5
24 9 1
31 1 5
22 38 9
5 17 3
39 10 6
36 19 6
25 14 6
22 23 3
35 13 2
4 16 5
12 18 3
38 9 1
35 19 6
26 34 3
23 6 6
32 19 8
17 35 4
7 29 7
27 39 2
36 26 3
13 38 4
15 1 4
24 12 2
8 34 6
29 35 3
20 14 2
28 18 2
25 30 6
14 12 2
30 25 3
26 12 8
0 16 6
28 19 6
18 21 7
31 15 8
0 6 5
29 0 7
4 13 7
0 38 4
38 14 2
7 11 2
22 33 4
20 32 5
12 2 3
24 22 1
11 29 2
21 8 1
1 7 8
4 38 3
0 19 2
20 10 3
34 22 6
9 25 3
7 38 6
12 26 7
30 33 8
0 32 7
24 14 3
3 1 2
11 24 2
13 35 5
22 0 5
13 31 5
21 38 4
8 36 1
25 29 2
7 39 3
16 27 2
37 15 3
0 30 4
14 8 4
9 0 8
3 9 7
1 13 2
34 9 7
11 12 6
25 19 5
34 33 9
21 25 4
14 27 4
24 25 7
3 21 8
34 28 3
15 25 4
23 35 5
33 19 8
29 19 9
11 0 4
32 7 8
38 29 1
38 24 6
18 34 5
10 9 7
36 3 4
28 29 3
21 28 2
26 33 4
10 30 1
35 34 4
22 13 2
34 4 1
4 22 9
31 9 6
6 39 6
36 4 2
38 6 9
19 14 2
35 24 2
3 28 3
2 8 3
22 29 2
7 28 8
22 11 9
19 7 7
10 1 3
29 33 7
33 31 5
34 19 9
16 25 6
34 39 9
1 18 5
15 7 4
38 36 1
27 25 7
35 18 8
22 15 6
8 33 6
11 33 2
22 21 4
31 17 3
9 4 3
19 28 9
21 24 7
23 26 9
33 20 3
10 37 2
27 3 5
22 26 2
13 15 5
21 5 8
1 24 2
25 1 2
11 32 8
32 38 1
25 39 2
15 17 4
16 22 7
39 11 3
37 39 1
38 31 8
14 25 8
33 1 4
11 26 7
38 11 6
25 12 7
26 10 1
8 16 5
13 34 7
17 39 5
2 5 3
24 4 3
20 25 5
21 10 8
28 34 9
32 26 4
5 12 5
38 8 6
34 37 9
34 11 9
39 24 8
11 4 1
16 28 5
19 13 1
18 32 4
29 20 2
39 0 3
11 30 6
12 28 2
33 8 7
8 26 3
23 20 6
38 15 5
21 20 7
1 0 3
17 1 4
39 21 5
23 15 6
32 25 2
36 15 8
14 15 1
13 22 8
3 10 8
6 13 4
35 15 1
17 20 1
6 3 9
6 29 2
24 10 7
29 34 8
37 34 2
9 22 9
28 20 5
30 8 4
12 17 3
18 17 3
24 35 5
16 14 7
6 27 3
8 12 3
18 23 3
7 26 3
28 12 6
24 16 3
14 28 9
1 34 4
7 36 3
26 17 9
9 33 8
20 31 5
13 14 8
26 8 7
28 4 7
3 2 7
16 13 8
6 24 3
7 35 7
28 14 7
3 36 2
27 33 7
32 18 2
28 32 1
11 23 8
17 37 7
23 36 3
0 12 3
29 10 9
5 32 2
2 20 8
39 4 6
26 29 7
5 36 7
26 2 7
12 5 6
10 31 1
8 17 7
24 21 6
23 11 3
34 35 4
39 15 9
32 11 6
39 36 7
8 4 5
3 37 8
0 25 6
35 12 3
1 2 5
33 25 9
14 22 2
23 9 9
20 28 2
33 34 3
11 7 9
12 33 7
15 16 7
36 5 2
34 0 7
19 38 7
40:512