22 24 5
39 19 9
0 15 9
46 4 4
43 6 8
9 33 6
37 34 4
24 18 2
2 39 3
43 30 2
1 33 8
46 2 7
42 43 1
8 28 9
48 29 3
17 30 1
19 48 7
32 43 8
23 42 3
32 7 3
16 30 3
0 27 5
6 39 7
22 31 1
6 12 9
42 37 8
26 30 1
30 4 9
4 25 6
44 8 4
49 17 3
3 6 3
43 3 1
28 36 6
15 9 4
2 43 9
10 46 4
19 44 4
7 1 9
31 13 5
23 9 8
39 38 8
20 3 7
13 40 5
12 15 1
11 35 8
45 9 5
1 5 1
25 19 7
36 9 4
30 26 1
38 28 1
39 49 6
37 9 8
14 38 3
31 28 4
12 11 9
35 28 4
39 24 4
38 35 1
41 8 4
36 7 5
28 33 3
6 0 2
41 13 3
2 22 9
49 24 6
44 40 9
27 21 8
44 17 5
4 47 7
10 0 6
11 1 1
28 27 1
40 5 5
19 9 1
39 6 9
46 9 1
12 21 7
46 16 1
7 41 5
6 47 7
32 27 6
46 29 7
13 5 8
29 26 3
7 27 4
31 36 3
6 32 4
10 18 6
17 35 2
8 40 5
37 2 1
20 5 2
2 25 4
21 41 7
18 41 2
21 35 2
38 37 4
26 38 1
37 32 7
13 3 7
39 27 1
26 9 6
9 30 9
19 26 8
44 30 8
35 6 5
40 8 1
49 44 7
45 40 9
40 33 4
4 42 3
15 8 5
10 39 9
40 32 3
26 6 5
3 9 6
14 13 2
33 22 9
30 45 8
33 48 1
15 1 8
17 24 9
9 24 6
36 48 6
29 25 7
17 15 1
43 29 6
26 28 8
26 47 7
33 6 7
4 43 8
11 14 1
21 17 9
10 8 3
38 24 4
40 15 3
21 5 4
1 14 2
21 19 2
5 21 4
34 40 1
8 7 3
16 17 2
15 45 9
39 10 6
8 34 9
16 33 3
38 13 3
10 42 7
1 2 4
38 34 3
1 24 4
32 42 1
49 18 9
8 47 5
18 44 9
23 16 9
42 27 1
39 31 2
17 19 4
4 33 9
30 43 9
0 41 6
41 17 3
7 48 5
37 28 4
9 10 7
25 24 1
0 14 3
36 11 6
42 15 7
35 10 3
27 8 7
9 44 1
37 31 7
22 40 9
17 8 5
10 31 6
11 17 3
46 7 6
21 44 6
11 49 6
48 47 1
39 30 9
19 28 7
24 36 3
19 23 5
40 41 1
46 44 3
28 40 9
49 47 1
49 0 7
30 3 4
38 32 1
45 35 2
46 10 2
41 29 7
22 20 7
1 11 2
40 26 2
27 38 1
12 20 1
45 24 7
7 15 2
13 2 3
37 42 2
28 45 4
17 37 4
36 25 6
45 38 8
3 15 5
1 25 1
0 40 6
48 23 3
11 21 8
48 21 3
6 45 6
22 29 8
6 28 4
17 20 1
20 31 6
41 25 3
0 5 6
33 17 6
1 6 5
44 41 6
24 39 2
9 22 3
2 45 4
12 10 9
25 5 5
34 29 9
7 47 3
0 9 4
17 48 9
16 34 5
23 14 2
48 45 5
7 17 9
25 9 8
2 31 1
9 39 9
10 22 4
30 27 2
11 10 5
5 16 2
30 14 1
45 17 2
10 25 8
34 31 3
43 20 3
47 37 2
4 23 8
38 42 3
29 33 3
3 33 4
4 22 4
27 26 1
47 49 2
24 26 2
19 0 7
29 21 7
7 5 1
46 13 4
3 12 1
42 23 9
27 46 9
18 29 1
8 30 6
18 22 6
46 14 3
4 12 7
43 0 4
2 42 8
0 19 8
20 46 6
28 0 5
32 25 7
35 29 7
36 33 1
8 21 1
24 25 8
5 40 9
16 11 4
11 13 9
45 14 1
21 7 9
19 11 6
43 25 1
2 34 7
3 16 1
31 18 4
0 33 3
11 4 4
40 29 7
49 26 7
25 49 5
46 38 9
1 21 2
3 44 3
45 48 4
20 12 1
8 45 7
40 17 2
15 49 9
42 5 4
39 25 6
33 49 1
22 19 7
16 49 3
14 15 2
38 49 4
32 5 3
49 40 4
5 37 8
29 19 8
24 12 2
15 11 2
21 42 6
13 36 6
13 39 4
0 2 9
9 7 4
13 8 3
38 11 6
46 11 1
0 12 3
14 23 9
31 20 3
17 6 7
34 38 4
47 45 2
44 37 5
36 16 9
13 9 9
16 38 3
23 48 4
40 44 4
12 40 1
2 35 2
26 40 6
1 17 2
7 3 6
41 14 2
19 6 1
21 15 4
31 40 2
3 5 2
4 26 7
11 0 8
30 24 8
6 21 3
44 1 9
2 49 8
28 18 3
10 27 8
5 0 9
30 2 3
26 18 6
28 6 8
17 28 2
49 19 6
11 39 3
6 9 6
5 39 1
26 10 9
14 46 3
45 8 9
47 33 5
1 29 1
45 42 1
17 22 1
40 36 5
0 38 6
9 20 1
38 19 8
24 38 4
40 37 8
8 44 4
42 7 5
11 8 8
32 8 7
12 48 9
27 43 4
35 20 3
25 42 9
49 35 7
47 15 4
37 40 4
11 47 6
22 39 9
47 0 2
5 2 6
3 47 1
6 22 3
24 27 7
35 1 7
20 14 5
21 39 2
2 10 4
37 14 9
20 45 9
45 23 5
23 17 5
38 22 1
29 34 5
13 32 4
4 3 1
25 26 3
17 7 2
49 7 4
36 24 7
15 41 3
15 20 3
41 21 4
23 5 7
21 9 7
46 15 8
9 45 3
31 21 9
36 49 2
24 35 5
24 33 1
37 10 8
42 2 6
35 26 9
0 45 4
31 27 6
25 0 9
11 37 5
28 46 4
41 42 8
37 24 9
22 30 3
22 43 2
41 22 7
6 26 3
11 16 3
0 39 3
33 21 2
42 28 2
37 8 7
33 41 3
15 46 6
20 29 4
30 5 1
26 35 6
40 49 6
14 18 3
24 46 8
12 5 2
43 12 7
9 42 5
48 36 1
40 16 4
23 25 7
45 29 1
23 2 4
6 5 4
10 20 2
42 20 3
47 18 9
3 36 4
38 8 5
44 24 6
4 1 8
31 24 8
43 7 9
36 1 2
43 17 7
36 6 3
9 8 1
7 0 4
7 11 8
0 47 6
43 48 1
22 13 9
21 22 8
26 45 4
15 31 5
12 34 8
25 36 8
47 38 2
37 16 1
39 1 5
48 8 1
3 30 7
10 3 6
25 23 1
9 34 2
22 12 3
30 33 3
27 33 5
43 16 5
5 26 2
6 24 3
24 21 3
39 33 5
34 45 6
32 35 8
31 30 4
15 17 5
7 30 1
5 14 4
14 48 4
12 24 6
32 13 4
17 26 5
32 9 3
26 11 3
4 17 7
49 5 4
37 48 2
20 26 2
19 46 3
27 16 5
35 2 3
29 40 1
14 3 3
15 32 7
28 9 3
6 27 8
12 19 7
42 6 3
42 19 5
5 29 7
43 36 8
39 35 2
5 22 2
8 2 1
22 44 6
35 5 3
29 23 7
18 42 5
36 12 7
14 25 3
39 15 2
8 17 6
2 30 6
6 23 1
39 9 4
32 48 3
44 47 9
5 1 3
16 5 4
35 25 1
27 23 8
34 23 4
7 46 3
42 8 1
2 36 1
46 39 7
6 43 7
43 8 9
10 49 4
20 34 6
27 34 5
9 4 5
13 37 2
40 39 2
39 46 3
26 3 1
46 40 9
47 36 5
33 1 5
0 42 4
44 15 5
45 28 1
3 32 1
48 30 3
25 6 2
32 45 4
8 3 2
24 48 2
16 26 5
17 5 9
4 37 5
37 3 4
7 9 4
28 38 1
35 33 7
35 37 3
32 16 9
34 39 8
20 17 9
12 16 6
33 4 1
1 22 7
16 9 3
15 26 9
30 19 2
34 1 8
16 39 6
14 12 9
43 26 1
29 38 1
14 17 7
6 15 1
16 37 5
25 22 3
11 18 7
39 21 1
5 25 5
49 6 6
38 44 9
7 26 7
49 25 9
43 42 9
49 37 2
1 45 3
29 10 8
41 38 3
19 15 6
49 43 1
13 27 3
20 15 2
1 48 6
18 43 7
1 12 6
32 19 8
46 32 7
42 13 3
21 24 4
38 14 2
21 36 4
22 46 1
9 48 5
23 27 3
20 49 5
10 12 4
31 5 6
30 48 3
39 22 4
35 32 7
41 40 3
4 6 7
31 33 6
13 21 3
32 24 4
46 22 7
13 35 4
33 2 2
30 7 5
49 36 2
42 44 2
20 21 6
16 25 9
35 17 2
40 0 9
39 5 8
20 27 7
29 15 8
32 37 5
2 9 5
34 42 9
47 21 2
44 4 2
46 23 5
3 24 4
3 14 4
18 16 2
31 45 3
42 16 6
34 0 8
37 27 3
27 9 9
21 3 6
6 31 2
2 47 8
1 10 2
19 12 3
46 1 8
14 11 3
1 18 6
36 2 8
7 25 6
6 11 1
29 1 6
0 23 6
12 38 3
28 23 4
2 38 5
40 24 3
35 49 6
14 39 3
30 8 1
15 12 7
18 6 7
28 41 1
14 27 9
25 43 4
44 32 6
31 34 8
40 7 7
47 35 6
0 24 7
13 1 8
28 48 4
2 8 7
49 15 1
24 43 2
16 21 2
40 42 2
29 28 6
41 39 7
19 16 5
18 26 6
9 35 5
22 9 6
13 22 2
5 12 3
43 33 5
42 25 1
16 29 4
11 46 6
27 12 2
7 40 3
38 12 8
1 42 1
2 41 6
16 19 2
43 47 1
21 20 1
15 19 8
40 1 6
4 41 2
15 44 9
8 5 1
8 37 9
5 6 2
12 32 6
45 25 1
31 14 6
12 44 5
30 28 6
3 10 9
38 9 6
11 31 7
29 22 3
0 21 8
27 20 9
33 37 9
13 0 3
19 13 9
23 3 8
11 32 3
22 28 5
38 6 5
12 47 7
0 13 1
10 26 2
24 23 4
5 48 2
23 38 2
32 6 5
46 36 3
29 5 7
13 16 6
39 28 6
13 25 7
20 4 4
30 22 7
16 10 6
44 16 5
47 29 5
12 17 1
49 20 8
38 39 1
30 16 2
25 10 2
6 41 8
1 46 4
45 34 7
22 32 4
47 5 1
48 4 8
37 13 5
13 44 2
27 28 6
18 49 1
10 34 4
20 18 6
29 31 5
42 35 6
10 5 3
28 37 3
41 15 4
16 23 4
21 23 8
40 47 1
26 33 3
7 16 8
24 20 6
32 28 7
6 4 1
33 38 6
5 7 8
24 15 4
44 26 3
21 29 4
41 47 6
31 23 9
3 1 3
3 43 1
9 12 9
11 12 4
13 10 4
46 33 9
6 40 8
40 35 1
48 26 7
4 7 1
24 8 2
32 3 7
4 44 2
32 30 3
49 13 5
33 11 4
24 41 6
17 31 5
38 20 6
22 17 4
26 29 8
30 31 2
36 40 3
0 25 8
14 8 5
7 39 6
48 22 7
22 36 2
9 0 2
47 12 9
5 17 4
38 46 5
45 44 9
28 31 9
49 1 7
6 49 5
12 27 1
18 27 5
37 30 5
23 40 1
22 34 6
1 47 2
20 23 2
47 39 9
4 18 2
39 3 2
0 17 3
13 20 6
44 22 6
32 21 7
7 38 2
37 26 9
18 9 4
5 10 2
4 30 8
43 5 4
18 39 4
33 34 4
30 6 8
5 11 5
31 11 7
12 2 6
18 10 5
22 15 3
49 28 1
48 9 3
1 23 3
18 32 7
7 19 3
33 23 6
1 36 3
30 25 2
43 14 8
30 18 9
47 40 4
26 14 7
27 18 2
19 18 3
42 36 6
36 39 2
33 18 8
47 10 1
18 48 5
18 5 9
48 28 4
13 42 2
43 40 4
9 14 5
3 17 8
6 16 2
13 7 5
6 3 7
20 24 3
35 12 7
15 36 3
6 1 5
2 15 9
15 4 8
7 8 4
5 20 3
38 3 9
13 30 6
8 48 4
49 41 6
25 28 3
4 29 7
48 6 4
0 31 3
7 34 7
41 16 7
21 40 5
4 45 8
20 41 4
7 35 2
32 34 5
34 6 4
24 34 1
20 37 8
24 1 8
23 8 4
12 25 6
31 43 8
3 45 2
5 45 9
27 32 8
34 43 2
9 32 7
34 48 8
31 19 5
19 49 6
14 21 5
6 29 1
16 14 5
47 46 5
37 39 2
39 0 8
49 11 7
49 12 1
1 16 5
47 43 6
48 41 8
8 23 6
23 20 5
13 17 3
40 18 7
49 21 9
5 8 1
41 7 7
28 10 4
3 18 5
8 12 6
36 41 2
16 28 1
41 36 9
42 26 6
13 31 3
10 17 9
23 39 9
4 27 6
8 20 1
26 36 2
28 16 2
48 24 7
33 32 2
12 28 7
19 20 8
9 28 4
17 2 6
3 31 7
8 4 4
34 17 7
46 37 1
42 41 9
1 19 3
41 44 4
42 29 1
8 19 3
18 15 9
2 28 2
40 11 2
28 30 1
29 49 1
36 43 6
32 11 4
12 0 9
23 31 8
38 40 7
27 48 1
27 29 7
42 1 6
9 41 1
23 24 4
36 38 8
44 6 5
14 45 6
30 11 5
35 8 2
45 26 4
12 43 3
15 21 6
27 0 7
24 14 8
39 7 1
0 37 4
32 22 5
36 35 6
19 43 5
39 12 6
48 3 7
47 48 2
35 19 3
23 12 8
20 30 3
14 20 2
18 47 8
21 33 1
22 25 2
33 16 8
41 45 1
6 37 6
18 30 4
41 24 6
38 25 4
13 23 3
22 3 2
31 10 5
43 2 4
6 36 3
39 18 1
49 14 1
22 8 4
39 47 2
45 7 1
33 14 5
2 7 1
14 37 4
36 37 9
32 39 3
32 44 4
8 38 8
12 29 5
46 49 4
5 13 8
36 27 5
43 39 9
18 11 3
2 12 5
7 24 3
48 31 1
10 43 4
35 4 5
6 10 8
18 17 5
28 39 6
19 29 7
20 1 6
37 19 9
38 36 1
36 22 5
12 26 7
35 43 7
1 0 9
29 3 5
14 1 6
16 18 7
20 39 4
38 21 4
40 23 5
44 13 3
34 22 8
24 5 2
39 43 4
32 41 2
6 18 4
3 28 6
43 23 8
38 43 3
42 22 4
40 20 2
19 27 4
13 41 6
11 30 8
0 49 1
11 48 7
5 49 2
21 45 3
38 30 3
5 24 4
8 31 4
31 4 1
43 41 8
42 34 9
2 6 5
4 21 3
17 34 4
23 34 7
50:1100