26 4 5
0 6 1
34 24 1
9 25 8
13 9 6
1 42 1
35 26 3
7 39 6
6 10 7
34 47 8
46 14 5
33 2 9
4 18 9
20 5 6
15 28 8
2 24 6
25 26 9
24 2 5
46 36 4
9 48 8
1 30 7
15 39 6
29 14 3
39 14 6
20 24 8
12 16 4
48 24 3
43 14 8
5 32 9
3 26 1
10 16 4
19 4 1
18 17 7
44 29 6
19 18 4
40 33 6
24 44 5
8 24 9
5 41 4
46 42 7
18 43 8
33 19 7
27 39 7
44 23 8
47 15 6
33 4 5
13 12 4
13 15 2
36 46 1
4 22 5
0 36 8
21 25 3
7 16 6
47 44 2
12 20 9
39 41 6
4 46 6
0 33 4
39 12 3
48 44 8
47 33 1
29 7 2
15 43 8
46 12 5
24 13 1
42 40 3
14 39 3
8 30 9
48 43 6
19 31 1
39 18 9
33 14 2
0 46 6
31 28 7
5 48 8
18 25 5
44 39 2
32 25 9
29 11 1
30 46 9
11 46 1
10 6 4
33 6 6
41 35 8
4 39 5
22 49 1
28 11 5
37 47 2
28 6 1
8 25 2
7 6 9
37 29 4
27 25 8
19 7 1
36 34 5
12 15 1
20 7 6
8 37 6
25 27 8
23 42 9
26 45 8
19 13 1
6 45 8
8 14 1
41 33 2
33 44 7
29 27 5
35 41 1
37 5 7
48 34 4
5 29 7
43 18 6
5 36 4
42 48 5
22 4 1
33 15 4
37 44 4
48 30 1
45 49 1
27 21 2
10 41 1
47 3 1
40 37 3
44 41 8
36 29 2
3 10 7
26 49 6
11 36 8
4 33 8
42 16 2
31 23 6
34 6 9
30 24 2
22 10 9
37 28 8
23 1 6
45 21 5
21 0 2
41 15 8
28 12 1
4 23 6
9 43 7
30 47 9
15 27 7
11 42 7
47 18 4
1 35 7
13 35 8
41 31 1
19 23 7
21 39 6
26 20 5
15 47 3
34 41 1
13 18 8
32 19 1
35 12 9
17 4 4
14 28 4
17 36 1
45 35 2
5 3 4
36 2 6
11 9 3
46 29 9
32 15 1
24 22 1
23 48 4
9 18 4
39 44 7
39 26 5
29 22 3
48 16 1
16 37 9
46 15 6
41 30 6
7 34 8
4 49 8
9 38 4
45 15 1
48 28 3
7 30 3
39 45 5
24 37 6
44 16 1
3 30 5
8 28 1
7 22 2
18 36 5
36 1 1
29 40 7
9 13 7
47 27 1
13 11 4
13 29 4
13 1 8
9 35 5
17 32 9
41 48 6
26 19 4
43 2 1
13 4 3
46 7 4
30 40 7
35 1 2
34 19 2
13 31 9
13 10 2
49 37 2
14 3 6
0 37 7
48 8 6
49 22 1
33 20 4
24 15 5
49 29 4
20 39 9
1 6 9
23 36 3
0 19 5
10 37 2
44 24 7
6 39 1
34 40 9
36 25 7
27 28 9
23 24 6
44 32 1
0 48 6
1 23 3
0 17 8
6 5 2
19 2 8
15 14 3
14 45 5
13 23 8
12 31 4
37 2 2
27 16 6
23 16 9
45 19 4
14 4 3
16 23 3
49 41 5
49 5 4
36 38 3
25 47 7
10 5 9
43 48 6
45 0 8
4 3 3
35 18 7
34 49 9
23 28 2
18 11 1
16 13 2
47 13 8
22 2 8
33 13 1
17 30 8
46 31 1
46 27 8
22 41 8
28 2 3
35 47 6
49 30 2
23 33 2
48 32 2
18 48 9
44 46 2
18 42 8
37 38 3
8 2 8
16 7 9
29 32 1
43 11 4
40 18 9
27 6 4
26 47 9
49 16 5
12 21 6
4 11 3
48 17 9
37 16 5
38 27 5
43 8 5
24 39 6
20 3 6
48 6 9
17 16 4
34 35 4
3 45 7
8 9 7
3 40 9
49 46 4
19 0 2
9 21 8
42 39 9
23 40 7
17 28 5
9 37 8
48 45 2
42 36 4
24 48 1
27 36 7
26 21 2
46 47 2
31 14 8
32 9 2
44 43 7
28 24 4
30 28 4
18 10 7
21 26 5
26 46 7
1 36 3
4 27 3
18 29 6
6 44 9
32 49 1
30 6 4
11 13 6
29 41 3
22 27 1
25 42 8
40 46 4
40 44 6
27 7 2
27 30 1
37 11 7
38 18 6
12 0 4
21 34 6
46 1 4
5 21 3
26 23 8
44 6 6
31 32 7
31 20 6
16 29 3
46 3 4
5 14 3
46 44 7
33 12 8
6 20 6
9 26 3
17 7 1
6 28 1
18 39 2
48 1 6
4 32 7
26 37 9
31 21 4
1 19 1
14 26 8
4 25 1
30 48 1
25 29 4
46 49 7
11 45 8
24 49 8
9 7 1
42 32 9
25 43 2
33 9 6
38 42 4
47 40 6
17 33 4
27 3 9
20 33 4
45 33 5
30 41 6
49 15 8
42 12 7
25 36 8
37 0 4
42 41 4
8 27 5
38 33 6
35 37 2
18 5 9
41 24 1
3 32 6
16 8 5
32 14 3
15 9 5
17 43 7
25 38 9
8 21 4
5 49 8
37 15 6
14 37 9
11 25 8
0 34 9
23 27 4
39 17 4
49 44 4
2 16 3
14 23 2
40 31 9
46 20 9
33 35 6
14 27 1
24 3 2
43 0 7
19 49 6
26 17 1
11 29 4
20 16 1
15 23 7
26 14 7
22 26 4
2 7 1
43 42 3
13 19 2
40 10 4
46 4 6
46 10 6
17 47 7
47 22 3
5 4 2
38 28 5
22 44 3
33 10 6
30 20 7
25 7 6
5 39 1
22 32 2
35 36 3
23 29 1
12 2 4
3 20 2
21 18 5
43 16 1
40 49 9
31 44 5
27 40 1
6 40 6
25 15 5
4 12 3
18 35 9
34 20 2
27 19 6
22 29 4
41 17 3
28 13 6
19 37 8
1 48 3
27 49 4
10 27 5
18 14 8
5 27 6
7 0 1
27 24 6
40 5 4
42 34 8
38 22 2
18 9 3
30 10 6
11 7 1
12 36 3
30 8 3
48 42 3
44 21 5
49 10 3
47 12 2
27 2 6
4 44 1
9 23 3
19 36 1
32 34 2
29 0 8
47 32 7
23 9 9
10 24 2
5 18 3
15 37 6
42 49 7
2 35 7
22 30 8
9 16 1
35 45 9
33 28 7
45 26 5
22 11 6
2 48 4
12 10 6
31 16 8
15 17 5
47 38 7
13 5 8
35 14 5
44 0 9
48 11 4
29 1 5
4 43 5
45 22 3
44 31 3
13 20 3
10 39 3
9 2 9
1 14 3
5 6 8
29 8 7
10 21 8
47 48 8
29 39 1
12 38 4
12 14 9
2 4 3
3 17 1
18 20 7
48 23 6
26 7 7
8 18 9
22 23 1
43 32 3
29 9 5
48 20 8
4 17 2
47 21 9
47 25 7
0 9 9
31 0 3
29 42 1
18 37 8
28 39 8
22 34 3
12 1 4
1 32 3
8 43 9
42 27 4
33 0 4
18 13 2
15 36 5
24 43 9
35 27 4
35 16 5
13 37 9
48 26 1
39 2 9
15 26 9
41 1 4
12 44 2
49 23 8
4 30 3
41 43 1
31 9 1
23 34 9
41 44 9
31 15 5
12 30 8
28 38 7
6 21 9
5 42 5
21 4 3
33 37 1
2 17 1
19 3 7
19 26 6
20 30 8
20 10 8
33 46 2
15 2 9
13 47 5
12 17 8
17 26 8
10 18 6
8 34 6
28 43 8
32 41 5
39 38 3
37 1 4
29 34 2
36 12 6
43 27 3
6 38 1
24 40 1
23 19 3
6 14 7
39 33 2
10 8 3
3 33 8
38 17 8
40 30 7
13 38 4
34 46 4
0 2 8
30 5 7
5 45 6
7 10 9
43 21 7
14 19 5
0 24 8
17 2 7
33 26 1
12 29 1
4 31 4
16 32 7
12 47 3
26 2 6
20 0 9
36 26 8
14 1 7
30 17 5
14 32 8
12 25 5
43 29 2
18 34 9
17 40 5
24 0 3
38 0 5
31 46 6
9 24 8
41 38 4
42 33 9
30 43 2
13 2 5
16 20 7
49 28 8
40 41 9
39 16 3
35 33 3
1 22 7
0 30 4
10 34 2
16 48 2
20 8 6
43 34 5
39 4 7
24 32 7
12 46 7
49 4 6
2 41 6
2 47 8
3 37 7
6 26 9
34 28 5
33 16 3
24 4 1
48 19 9
11 21 2
29 30 9
33 31 8
2 18 6
30 15 4
32 6 1
31 39 4
4 37 4
16 47 9
7 29 5
3 48 5
31 5 9
34 32 7
13 45 5
36 3 6
16 42 9
18 15 8
13 44 2
28 19 4
7 8 3
47 28 7
16 3 2
26 22 2
36 48 8
21 47 8
9 30 8
36 33 7
7 1 2
15 29 4
29 33 5
28 42 8
1 12 4
32 37 8
4 7 5
0 40 5
1 46 8
43 19 4
8 12 8
49 9 1
20 36 7
14 47 4
15 24 7
21 41 8
22 20 4
7 33 3
2 0 7
31 34 6
4 14 3
43 20 7
29 44 4
35 15 5
4 6 9
2 5 2
48 37 5
43 9 5
41 6 4
45 17 1
42 0 4
5 33 2
40 7 5
23 6 8
5 8 6
14 46 3
26 25 6
9 29 2
8 41 7
47 37 8
34 4 6
34 45 3
14 7 9
17 5 1
22 24 6
15 48 9
44 22 7
39 8 5
41 32 8
48 5 8
38 24 8
35 3 9
36 15 1
47 0 7
12 3 1
32 27 4
21 22 4
3 46 8
24 12 3
15 25 1
37 8 1
22 46 2
48 13 4
27 29 4
45 25 2
22 3 1
22 48 2
40 6 4
7 35 1
0 44 4
21 8 7
35 20 1
45 27 1
19 45 8
46 26 7
28 5 3
32 2 1
11 23 4
18 12 7
46 22 1
12 42 1
12 8 4
0 28 5
20 28 1
0 13 7
19 10 1
12 27 8
19 12 3
41 42 9
36 42 6
31 6 6
20 48 6
45 34 3
20 14 7
41 14 7
42 38 3
27 8 1
34 14 1
1 16 2
36 9 9
14 41 8
46 5 6
35 44 7
24 20 3
15 35 5
26 3 9
10 33 6
32 16 8
24 35 6
10 17 1
16 25 9
25 49 9
43 31 8
44 18 3
33 36 3
5 10 8
34 25 9
21 7 5
45 1 7
41 19 2
12 26 7
1 44 5
30 18 3
11 3 6
16 22 4
16 44 2
32 18 8
39 7 1
35 31 1
34 8 4
20 13 7
29 35 7
49 11 3
30 27 2
13 41 4
5 38 5
4 9 8
36 10 4
11 10 1
45 16 7
15 13 1
2 38 7
17 23 3
4 20 8
25 13 4
9 20 2
24 16 4
34 33 5
27 12 7
10 9 4
44 35 9
12 43 1
45 39 7
35 21 9
3 31 3
36 13 6
15 4 9
3 0 1
44 45 5
3 19 2
35 34 9
35 30 8
25 11 4
26 13 7
47 2 5
33 17 9
20 6 3
46 23 2
40 2 5
4 19 9
46 19 9
18 0 7
17 49 2
11 5 1
31 36 3
40 13 7
9 46 8
19 46 9
14 36 2
35 13 1
11 14 1
8 48 5
14 16 2
25 0 3
8 6 2
22 19 4
27 45 5
6 27 7
16 43 2
14 35 4
42 22 1
14 49 4
1 15 2
0 15 8
39 43 4
24 41 4
40 35 7
2 44 1
20 31 8
8 7 5
40 47 4
28 49 9
6 43 7
30 39 6
33 29 2
44 8 3
40 9 6
30 33 5
9 5 6
26 43 6
41 0 9
28 3 8
32 42 1
28 14 4
25 41 4
40 42 9
18 49 7
32 43 3
9 6 9
2 27 2
13 40 9
20 29 9
2 45 8
39 28 2
11 19 2
19 28 5
12 49 3
30 7 3
43 38 2
8 33 8
20 12 5
32 39 2
21 46 4
15 19 6
40 48 4
45 48 7
3 27 7
47 26 8
5 30 5
20 42 5
23 17 6
1 40 9
37 25 7
40 22 1
47 49 6
9 14 1
31 27 2
31 47 8
8 1 9
34 38 3
24 1 1
45 7 3
13 17 1
47 31 3
11 12 3
37 36 5
10 36 8
47 5 7
11 20 7
13 28 7
34 39 9
7 23 3
10 0 4
37 43 5
32 29 2
22 15 4
1 3 2
33 30 7
26 11 5
27 10 1
31 7 6
3 28 3
25 21 7
46 30 5
21 11 4
3 18 6
49 25 1
31 49 2
44 19 3
29 5 4
44 34 7
34 9 8
7 42 2
24 6 6
44 49 2
2 11 4
11 0 6
45 3 9
10 29 6
1 28 5
31 41 4
45 20 6
22 43 6
37 20 7
23 35 6
32 31 8
25 35 7
7 32 8
21 49 1
14 43 2
43 13 9
41 34 3
39 47 5
39 0 3
27 11 4
36 35 4
31 10 1
46 2 1
30 9 2
39 3 5
25 16 5
6 36 5
34 22 1
35 38 4
18 28 8
5 35 5
32 40 2
25 12 8
32 22 4
2 12 9
12 23 9
16 24 2
10 2 8
26 8 8
46 43 2
36 18 4
46 21 2
19 17 3
1 29 1
49 38 4
38 40 2
11 47 5
21 42 4
22 39 3
33 7 2
15 7 1
47 45 4
21 40 8
38 39 6
39 1 2
46 24 9
47 16 4
39 22 7
28 16 1
20 18 6
17 18 2
11 40 6
27 15 4
45 9 2
34 42 8
4 42 3
21 45 8
15 31 8
45 24 7
39 34 1
13 22 9
6 18 4
17 22 6
34 21 6
10 1 8
8 19 1
27 43 7
18 31 9
35 29 8
0 5 3
34 13 9
26 44 6
21 33 5
33 41 2
2 29 8
10 46 3
8 39 2
0 26 6
7 41 3
15 49 1
40 16 6
37 31 3
6 42 9
47 23 3
41 21 1
47 10 7
20 32 1
36 44 5
36 39 5
34 15 5
4 38 8
1 5 8
4 24 6
38 4 6
36 27 2
45 32 6
42 2 3
42 3 7
2 3 7
16 33 6
5 28 8
6 22 7
30 36 5
36 32 6
8 32 4
22 16 2
48 41 8
47 42 2
21 5 3
45 44 5
38 20 5
19 11 4
49 42 2
25 3 1
23 20 1
12 11 9
19 24 5
29 47 8
11 44 9
38 14 6
21 23 5
19 20 9
8 38 5
3 12 4
17 44 3
27 44 7
33 21 9
1 0 2
24 38 7
21 14 8
19 22 1
32 21 7
36 43 1
41 22 5
30 42 6
23 26 9
38 7 7
6 29 6
30 45 2
1 34 1
6 4 1
33 39 3
30 37 5
26 10 3
34 30 5
16 28 3
26 6 4
48 39 9
44 42 6
21 48 7
35 24 8
30 14 8
14 5 5
22 40 1
38 10 7
33 5 6
41 4 1
43 5 6
25 9 5
7 43 1
11 1 4
6 49 8
9 34 4
29 6 4
22 13 8
47 7 1
18 44 5
37 22 4
36 7 9
24 25 5
29 3 4
39 40 3
14 6 2
45 38 2
43 23 3
5 23 3
45 36 5
17 15 9
3 23 7
27 31 8
7 38 8
33 49 4
32 28 6
3 2 4
17 31 2
25 10 4
43 36 9
0 12 1
40 4 9
25 40 6
43 7 5
5 31 7
1 17 1
0 23 5
40 25 5
23 18 4
29 17 4
22 0 1
1 43 5
47 43 7
33 3 3
11 24 8
8 46 4
31 38 1
42 8 3
25 30 2
44 25 1
38 43 1
46 16 5
34 0 8
22 42 5
49 14 2
21 35 8
26 33 2
38 15 9
45 6 5
9 33 4
29 43 5
32 3 4
49 21 9
3 34 2
10 22 5
34 7 6
4 36 2
36 0 7
48 35 3
17 1 5
5 37 8
26 36 9
25 5 5
5 7 6
32 13 4
42 37 4
20 2 3
0 14 1
8 4 6
3 29 7
24 28 4
28 0 8
7 17 2
2 37 8
19 21 6
48 0 1
5 22 7
15 6 4
41 9 2
12 4 5
32 17 7
28 34 1
33 23 6
7 12 9
32 20 5
21 29 8
39 21 9
32 48 6
31 35 1
8 13 7
4 8 7
17 25 7
32 30 1
45 41 2
13 14 8
34 31 7
34 18 8
9 32 8
37 18 3
9 1 9
19 29 9
35 23 4
11 18 8
30 11 6
44 27 3
7 26 9
41 29 6
9 40 7
25 32 5
9 31 3
45 37 6
16 10 4
14 13 1
14 10 2
14 48 8
44 2 3
18 4 6
40 15 7
7 28 3
4 48 3
31 19 7
46 6 4
10 31 6
19 42 1
32 35 7
11 48 5
13 24 5
46 11 1
42 25 8
26 31 7
32 5 7
42 18 3
18 19 5
34 12 4
11 38 2
37 17 4
28 22 1
32 12 3
38 49 2
27 23 5
27 9 3
44 4 6
42 13 5
48 33 2
37 49 9
19 1 9
25 8 4
42 43 7
37 9 9
45 4 3
16 38 4
34 11 1
25 6 3
17 48 4
37 46 5
37 34 3
14 2 9
1 39 7
42 5 8
37 12 2
10 14 5
36 5 4
16 5 8
29 4 9
49 26 3
48 9 3
44 12 5
0 32 7
12 9 5
17 46 9
38 26 3
24 47 2
22 36 2
3 49 9
20 25 5
0 49 8
29 18 2
35 43 7
24 31 7
4 0 2
18 32 6
49 45 9
38 45 8
41 26 2
29 20 6
25 34 2
21 16 5
46 38 8
14 25 7
19 40 5
8 10 3
38 16 9
48 49 9
32 7 8
29 38 7
1 37 9
42 9 8
45 40 8
12 37 3
7 21 6
11 35 9
24 18 4
19 39 1
40 19 2
41 28 8
8 45 1
21 37 4
49 40 3
39 23 7
31 43 7
1 47 4
43 30 3
15 41 9
9 19 1
23 44 7
27 33 7
43 6 2
23 47 6
45 47 7
7 48 7
1 13 9
35 6 2
44 38 4
1 49 3
33 43 6
18 30 5
44 26 8
49 31 4
25 22 6
4 40 1
49 12 4
8 31 7
20 38 1
12 19 3
9 39 8
31 1 5
49 3 7
15 16 3
14 15 4
18 3 2
32 0 1
14 38 6
36 31 1
23 5 3
6 23 7
26 39 3
21 38 4
49 39 9
2 39 5
12 24 6
16 34 3
43 28 5
33 34 7
10 3 1
24 5 9
37 33 6
49 27 7
1 27 7
8 49 6
2 19 6
0 18 8
31 25 9
6 17 7
26 35 5
43 46 9
12 33 6
32 10 8
25 37 9
5 15 7
2 9 5
50:1400