5 20 4
24 12 1
27 10 3
14 5 4
23 6 3
29 25 2
27 17 2
21 7 8
1 14 8
13 17 5
29 12 1
15 21 3
22 1 8
22 15 7
7 11 4
12 1 1
23 21 1
27 9 6
2 12 3
23 12 4
27 22 8
0 23 6
25 14 4
25 27 6
17 13 2
23 18 7
0 2 4
0 5 1
25 23 4
26 4 8
12 14 1
1 4 6
15 5 4
15 7 2
4 20 6
10 29 5
28 22 5
5 13 4
29 2 6
15 18 5
12 19 5
25 28 2
29 3 2
6 2 1
22 16 1
1 8 9
21 17 2
19 0 3
18 26 2
11 1 6
29 28 5
18 0 6
10 17 4
9 24 1
7 14 8
4 26 8
4 9 2
28 16 5
5 0 9
15 12 9
2 8 8
25 12 5
27 5 8
15 20 6
17 4 6
15 0 6
27 14 3
16 9 5
21 29 2
4 15 1
16 2 2
22 21 7
24 28 2
17 11 1
6 23 1
27 3 7
26 6 5
22 5 8
0 20 5
11 5 3
22 9 1
7 19 4
27 21 7
28 29 6
28 2 1
15 11 5
10 20 9
27 29 2
27 8 2
2 6 4
10 27 5
9 2 3
20 1 7
20 24 9
21 22 2
7 24 2
18 13 6
6 29 8
15 14 9
0 4 1
16 19 2
7 16 9
27 11 2
25 5 6
21 12 9
3 5 9
7 6 8
9 11 2
11 24 7
13 27 5
28 24 1
27 26 1
19 18 5
8 19 4
18 27 2
29 1 9
6 10 6
2 19 1
14 22 6
7 2 2
17 21 2
23 25 4
14 11 2
24 25 7
19 2 3
0 12 1
8 11 9
29 16 7
9 17 4
22 0 2
21 14 3
0 29 9
12 7 4
0 1 6
5 21 8
5 15 5
17 7 6
26 3 5
19 22 8
21 3 4
5 27 8
29 26 2
8 5 2
26 29 4
8 13 8
5 1 8
15 27 6
12 20 3
10 26 7
26 8 5
7 12 6
19 3 1
22 2 5
25 19 6
18 29 1
1 23 5
29 24 6
4 12 4
13 1 4
23 27 8
6 17 1
17 20 8
2 14 5
21 4 8
25 3 1
2 15 3
4 24 4
11 0 8
2 20 9
9 0 5
21 19 6
13 0 2
23 14 2
29 11 9
8 20 3
27 1 7
7 28 7
1 6 7
25 13 3
20 15 6
18 8 7
8 22 2
17 2 9
28 17 5
10 21 8
16 18 2
29 5 4
10 1 4
3 12 8
24 9 7
25 16 8
23 28 4
29 0 5
15 17 6
5 9 3
13 25 5
1 13 7
9 8 2
7 25 5
13 21 9
23 29 8
16 17 1
4 28 1
9 19 3
8 14 1
0 21 7
29 17 7
15 6 7
11 25 2
7 13 8
10 7 3
10 0 1
5 22 6
2 13 7
21 9 3
24 17 4
16 12 2
3 22 8
3 4 5
4 1 6
6 25 4
28 26 2
25 17 2
27 0 5
16 24 4
9 1 2
16 29 3
22 27 3
11 10 8
22 3 3
2 26 2
5 8 1
24 2 8
6 21 1
17 6 4
10 5 6
1 29 2
22 29 3
13 10 8
0 25 9
13 11 9
19 23 1
21 5 6
2 1 7
6 0 6
8 29 5
13 29 6
20 0 5
29 19 1
15 16 7
13 23 3
8 23 8
11 21 8
13 2 7
28 5 9
23 13 7
1 9 1
11 22 8
14 1 8
16 26 8
2 17 7
2 27 9
28 18 4
21 6 2
11 19 8
9 7 9
8 16 7
6 15 9
3 19 1
17 12 8
22 23 3
9 18 1
16 1 6
10 22 8
12 21 7
2 16 6
5 14 3
1 20 8
3 27 8
26 15 6
28 11 7
5 24 5
14 12 7
2 10 8
1 12 7
25 4 4
8 2 7
23 10 7
30:288