25 9 7
11 20 5
11 16 2
26 2 9
2 18 8
9 8 6
0 8 9
14 12 1
5 17 6
19 16 6
16 9 9
8 28 5
8 4 1
1 4 5
9 3 7
2 20 2
17 19 1
6 14 7
11 23 9
11 18 2
8 27 3
27 29 1
28 5 9
4 9 3
19 0 4
2 0 1
14 28 3
10 0 1
0 17 4
22 17 7
22 28 7
24 28 8
11 26 8
23 17 7
28 22 7
14 29 8
22 18 8
14 22 2
23 4 7
29 7 1
29 25 8
7 1 7
25 24 2
24 10 3
14 8 4
14 5 2
28 3 3
5 13 7
29 10 8
20 0 7
3 6 4
14 2 7
3 28 2
26 18 5
7 15 7
0 18 7
2 23 4
1 3 1
17 26 8
25 20 5
28 9 6
27 15 4
23 24 6
26 12 3
7 14 6
10 27 4
22 15 2
11 17 3
27 25 3
27 5 4
0 20 4
5 20 2
3 21 7
7 12 9
13 29 2
28 14 1
16 22 7
5 1 7
10 11 9
0 13 1
0 1 6
10 26 5
1 27 5
8 2 3
13 25 8
6 27 3
9 4 7
9 16 9
28 26 6
20 2 6
19 7 3
12 23 7
18 4 4
1 15 1
21 7 3
2 19 9
4 13 1
13 23 1
16 23 2
17 27 5
26 0 3
29 18 2
15 17 9
26 1 1
9 5 1
7 21 4
23 12 9
10 8 7
8 24 5
8 23 7
11 27 7
21 0 1
24 14 1
3 4 8
4 23 9
2 22 2
8 14 8
0 3 9
24 18 5
20 26 7
22 29 1
20 25 6
21 3 6
28 21 8
16 26 6
18 2 5
26 8 9
22 7 3
18 5 3
14 21 8
20 18 5
6 11 4
10 16 8
21 24 7
3 17 7
20 12 4
15 26 1
12 20 9
4 7 1
9 10 6
8 15 1
21 20 7
13 16 9
16 15 4
29 23 1
25 18 1
29 3 9
5 21 5
25 21 8
22 19 1
4 1 3
1 18 2
16 6 7
22 4 7
16 14 7
14 1 4
23 27 8
20 19 9
6 0 8
4 15 4
1 20 9
24 20 6
1 7 5
4 25 6
9 20 1
10 13 4
17 7 8
3 1 5
5 22 9
12 16 8
29 24 6
20 24 6
23 13 9
27 16 1
6 8 8
6 28 9
1 21 8
17 25 8
6 25 1
6 16 7
16 25 5
2 7 6
20 16 2
3 2 3
27 22 1
21 26 9
26 10 2
12 1 7
29 16 4
27 28 3
25 4 1
8 11 7
25 2 1
9 26 5
0 10 8
27 18 6
25 16 1
21 25 3
4 28 3
15 22 3
19 26 1
24 5 8
20 27 8
1 13 3
13 4 4
18 21 4
0 29 3
10 20 6
28 4 6
29 27 8
14 10 3
4 18 5
4 21 4
11 15 9
5 14 6
21 17 1
1 14 9
29 2 3
29 13 7
4 2 3
9 13 4
12 10 6
19 28 7
16 11 5
11 4 3
26 28 7
28 8 8
8 9 7
26 7 2
25 19 4
0 15 3
19 22 1
10 14 4
11 19 7
3 29 3
15 3 4
20 5 3
20 15 6
13 3 3
15 9 3
23 21 4
23 10 4
26 11 6
5 7 4
6 7 9
16 17 5
23 1 5
28 17 7
23 5 2
1 6 2
3 10 3
1 22 1
0 11 9
20 3 3
24 6 7
1 28 7
25 23 3
0 25 1
10 4 5
6 19 4
15 16 8
7 26 2
9 12 6
12 25 3
18 6 1
24 26 7
14 18 5
15 27 1
10 5 7
23 11 9
4 29 7
27 17 9
7 23 9
3 11 4
23 14 7
15 7 1
10 21 2
14 26 5
17 29 3
14 17 8
2 26 1
12 13 8
2 17 4
1 12 3
18 22 1
3 0 2
21 13 2
2 13 3
28 20 8
9 15 4
15 28 3
19 17 3
12 28 3
25 0 5
15 24 1
2 16 4
5 19 1
16 8 4
18 26 2
24 13 7
27 20 9
19 24 3
9 27 2
10 15 9
11 5 2
24 25 4
22 3 8
20 21 8
10 6 7
13 7 1
9 18 4
20 29 1
16 13 1
5 25 1
20 14 5
19 18 6
13 10 7
17 1 4
17 22 5
12 17 4
25 15 7
12 24 1
23 22 9
27 10 2
7 10 7
8 26 9
5 16 5
8 10 8
24 4 1
14 0 5
8 18 5
20 1 3
1 11 7
20 8 8
9 28 4
13 9 3
22 23 7
7 25 5
17 16 9
13 18 6
12 21 1
28 24 2
9 7 2
28 19 8
1 19 6
16 0 6
6 21 1
8 12 5
28 23 4
2 4 7
23 26 3
12 18 6
9 17 5
23 8 7
18 12 9
8 7 1
4 0 5
4 6 7
18 29 5
18 14 4
17 10 3
15 2 4
0 23 4
29 11 3
29 5 2
21 11 4
28 0 5
26 29 7
8 19 1
21 12 4
22 26 6
29 26 7
27 2 7
6 13 6
19 10 8
22 16 3
14 15 2
10 22 1
8 1 8
16 29 8
23 6 3
16 28 9
13 0 4
19 25 4
13 27 5
7 17 6
19 23 7
18 8 2
1 17 5
12 11 3
1 2 9
29 8 9
15 21 9
14 25 9
7 29 7
0 24 4
30:396