32 20 3
29 47 1
47 15 9
34 16 3
4 44 4
48 35 4
49 32 9
6 33 7
18 48 4
48 11 4
49 26 3
10 45 3
16 11 7
10 30 2
48 4 2
38 15 5
48 31 2
0 7 7
13 11 2
30 22 1
47 5 4
7 11 5
41 34 8
20 46 8
12 47 9
16 42 6
26 49 2
30 12 4
15 6 7
43 44 3
37 18 4
45 1 5
22 5 4
45 33 1
40 44 3
39 12 7
6 29 9
20 18 5
49 33 5
22 41 4
44 38 4
26 38 6
7 17 2
20 32 7
45 28 1
43 33 8
45 22 7
19 16 5
44 29 4
46 45 9
14 41 8
28 6 1
49 16 4
27 43 9
12 20 3
43 12 4
40 16 6
43 0 5
38 37 7
25 16 4
24 4 5
3 35 6
19 17 1
21 23 5
47 17 7
3 38 5
5 29 9
28 9 5
11 20 9
23 42 5
14 49 7
12 17 9
21 11 7
14 26 5
43 5 7
14 42 9
24 43 1
17 21 5
2 3 9
4 3 3
1 49 8
4 39 9
12 40 4
48 10 5
2 0 6
29 4 6
41 38 2
29 31 2
7 13 3
10 32 8
3 8 5
13 34 7
12 43 2
28 11 4
42 17 4
5 15 1
15 4 5
33 3 4
6 20 4
1 10 4
15 24 7
4 31 3
20 27 4
45 3 2
21 15 8
1 9 1
28 8 2
35 13 9
30 8 1
34 27 2
18 14 9
19 22 4
43 42 3
10 33 3
15 12 1
2 37 1
44 33 2
5 22 2
38 14 3
40 18 9
11 25 7
4 32 7
20 36 5
41 25 7
44 3 7
34 17 6
4 38 9
44 37 5
38 31 7
49 25 4
42 10 8
2 49 1
1 21 2
31 10 1
43 13 5
10 7 4
42 39 9
24 29 3
22 46 7
2 22 5
41 15 8
0 13 1
33 41 8
17 25 6
29 5 8
7 39 5
31 6 9
32 12 4
35 21 1
29 24 5
18 7 1
46 10 8
26 39 4
22 40 6
46 9 6
10 28 5
13 42 5
45 24 6
17 34 6
33 24 9
20 26 5
30 5 5
12 2 3
13 9 3
8 48 5
33 38 2
46 34 4
34 18 4
42 15 1
44 43 6
36 33 7
25 1 7
28 12 8
3 5 8
28 48 3
27 48 3
1 8 2
14 7 4
39 8 7
18 33 8
42 24 4
3 25 3
47 19 8
42 13 4
1 42 7
27 3 3
34 5 3
21 41 6
33 10 4
15 8 6
43 49 7
35 32 1
45 6 4
23 1 4
9 44 2
33 49 5
10 43 8
40 3 9
8 43 5
34 41 1
35 18 5
19 6 6
5 47 5
42 16 1
6 3 3
10 44 2
12 45 6
9 25 9
31 24 3
45 35 1
24 1 6
12 16 5
5 46 6
29 32 3
20 33 7
38 45 4
49 15 6
44 46 4
49 28 9
31 35 1
6 2 1
44 7 8
11 29 7
26 0 9
16 45 5
0 15 3
11 38 1
7 46 8
1 16 1
7 38 1
21 40 2
35 20 6
7 21 3
49 21 5
34 46 9
29 12 2
37 31 7
26 42 9
28 40 4
44 39 4
40 11 2
27 24 3
40 22 4
22 15 1
22 25 6
19 30 2
9 24 7
19 20 1
23 13 3
7 40 6
17 16 9
43 45 7
28 37 1
46 8 1
43 29 8
48 30 2
10 37 1
42 7 8
23 19 1
36 21 1
6 4 1
33 9 6
17 3 4
7 28 6
35 6 7
31 49 7
33 31 6
44 14 2
26 29 5
5 18 5
48 45 2
29 21 4
43 11 8
28 38 7
2 14 9
40 13 2
46 20 3
8 28 2
22 47 9
35 16 3
1 0 1
30 24 6
13 30 3
14 39 6
31 5 1
41 2 1
27 4 8
46 30 4
31 14 4
42 40 9
35 0 8
2 15 2
17 14 1
43 16 9
31 30 8
47 0 9
32 49 4
22 20 3
4 19 3
25 10 5
18 19 6
47 24 4
16 23 6
20 43 8
1 34 4
41 46 1
44 20 4
36 2 5
40 41 1
26 40 5
32 46 9
1 31 6
8 38 6
30 9 5
2 18 8
16 21 4
24 23 9
14 35 8
12 6 1
43 48 8
31 22 2
29 22 6
24 40 7
33 23 3
12 28 3
42 9 9
33 11 9
4 28 1
37 17 5
17 41 4
12 14 2
17 7 1
42 43 1
39 42 3
39 6 1
4 26 4
48 43 7
33 25 4
12 4 7
0 49 1
25 48 6
19 49 9
31 28 8
26 25 4
15 22 5
9 18 6
43 28 3
24 45 4
0 20 9
22 43 4
8 49 6
23 10 6
6 26 6
38 27 6
14 25 5
2 7 2
41 23 3
26 48 3
31 37 7
35 44 3
21 33 5
17 18 4
42 48 2
7 0 5
30 33 4
0 42 1
25 17 9
39 38 2
28 18 3
23 14 7
34 20 6
35 30 1
17 27 8
46 40 7
42 44 4
46 28 1
24 19 2
47 25 4
42 30 9
19 23 2
10 22 4
30 6 1
48 33 7
5 7 9
13 46 5
27 39 3
32 9 7
8 35 6
38 47 7
18 30 2
29 13 9
23 37 3
6 24 6
1 36 7
1 47 7
43 32 7
4 35 9
30 46 3
27 32 6
7 34 4
32 39 3
13 48 6
24 7 4
48 36 7
3 14 6
44 49 7
9 14 6
45 26 1
42 31 5
44 17 2
37 47 9
47 36 9
35 42 1
16 13 2
21 37 5
40 4 7
26 34 1
1 7 7
27 33 6
10 31 1
10 19 4
34 31 1
23 12 1
20 12 5
35 49 9
15 34 1
43 40 5
32 24 4
44 27 7
7 37 5
18 31 5
20 42 7
16 19 1
26 41 5
46 37 1
7 47 2
28 16 5
44 6 9
3 33 1
34 26 4
44 41 7
44 4 6
30 21 6
3 16 9
40 26 4
15 2 8
8 37 8
19 40 3
40 19 4
20 34 3
26 32 1
39 9 6
20 38 4
21 14 4
1 19 7
34 42 2
9 38 2
5 2 8
43 3 7
37 21 8
8 4 8
39 11 2
26 3 9
47 26 6
17 20 5
16 33 9
5 16 2
8 25 5
41 40 7
46 4 8
37 23 1
24 3 8
41 3 7
45 10 2
13 40 4
29 25 6
14 13 2
47 13 5
28 29 3
41 7 6
27 35 4
11 21 4
34 48 6
26 18 5
9 32 9
1 39 9
29 34 1
10 36 7
18 16 7
21 17 3
40 45 2
20 44 9
11 40 3
42 38 2
42 19 5
13 7 2
46 49 4
18 35 9
0 33 8
6 28 3
29 1 7
12 26 1
39 27 4
42 22 4
31 16 5
32 25 4
16 25 6
47 35 7
9 17 8
27 6 2
33 12 3
11 27 1
1 44 6
14 18 9
37 36 2
2 34 9
3 13 1
9 15 4
35 41 5
37 26 8
0 43 8
21 28 3
23 7 2
48 12 5
45 23 7
20 29 3
11 43 6
11 13 4
24 10 4
4 18 1
0 23 8
45 0 9
18 23 1
40 48 5
8 9 3
32 10 6
33 1 5
24 6 1
24 21 2
22 36 6
41 39 5
2 47 7
43 27 8
6 35 5
35 11 6
24 22 2
15 30 2
0 5 4
20 13 7
1 4 2
38 46 6
8 16 2
11 19 4
33 16 6
44 16 1
29 19 3
23 22 8
39 46 6
16 30 4
23 31 4
9 35 6
45 41 2
37 13 9
15 10 7
45 14 1
39 5 4
43 22 1
38 32 2
9 30 8
25 13 1
32 35 3
40 47 6
34 30 2
34 45 7
20 30 9
0 36 5
21 42 6
24 8 2
30 17 2
40 14 8
38 49 6
40 35 3
26 33 9
38 25 8
29 48 7
31 29 9
27 47 2
13 28 6
29 39 1
4 12 5
42 28 6
17 32 3
48 3 2
8 19 8
18 43 4
14 44 4
14 45 9
29 42 5
17 35 3
19 3 7
34 7 5
17 19 3
22 13 4
38 6 7
0 10 7
21 3 4
0 2 6
31 17 2
6 15 1
14 16 5
49 24 4
28 20 7
5 34 1
8 20 2
42 2 4
47 40 8
24 34 9
2 36 6
18 44 9
4 41 8
22 27 2
14 47 7
25 32 2
32 14 4
46 33 9
1 41 6
24 20 7
18 12 9
36 8 9
39 31 5
47 37 4
48 14 5
11 23 4
0 27 3
28 4 8
39 37 6
22 38 9
37 29 2
5 20 7
20 24 6
24 31 5
31 32 8
48 20 4
0 44 5
27 45 3
6 30 2
2 48 1
18 8 4
39 45 8
40 49 8
40 1 4
26 17 6
0 14 4
25 29 5
13 24 8
41 44 3
13 32 5
15 39 8
32 13 5
30 31 1
49 1 7
9 26 7
31 8 1
22 10 4
7 48 7
44 32 5
36 26 2
6 11 1
11 22 3
8 24 8
17 36 9
49 18 5
46 3 5
13 5 8
33 37 6
16 20 2
0 11 2
9 36 8
10 41 7
30 29 5
9 39 6
16 17 7
20 39 6
1 29 9
20 17 6
31 27 9
39 49 6
19 41 5
35 31 2
30 40 3
40 32 2
40 28 7
6 23 2
38 40 4
18 49 3
48 32 8
17 10 2
40 24 6
6 7 9
0 34 7
35 33 4
8 3 7
16 22 3
14 43 9
19 5 2
43 39 2
8 47 3
28 27 8
43 23 8
45 38 4
5 41 1
30 49 2
45 49 4
42 18 2
31 43 3
21 5 9
4 16 7
7 10 4
16 3 2
13 45 3
9 20 1
35 4 3
3 15 6
31 48 2
10 5 9
30 37 2
32 42 1
3 18 6
21 13 9
17 42 7
20 19 1
22 9 8
45 39 7
10 0 9
7 44 4
18 42 7
38 5 1
6 47 3
32 6 3
34 32 4
15 28 5
27 42 3
22 7 8
27 7 9
1 25 7
39 17 4
14 0 5
23 29 9
46 1 8
2 42 5
34 14 1
9 1 8
28 45 3
19 28 9
22 26 2
4 43 4
28 13 3
31 15 7
34 9 6
36 0 2
4 7 8
43 17 6
37 46 4
10 16 1
37 43 1
2 12 5
17 33 9
34 43 1
7 16 8
18 25 4
19 31 8
14 12 9
47 30 9
2 40 8
35 28 7
47 4 8
11 15 3
12 25 9
3 37 1
4 15 6
41 18 9
1 26 6
5 33 8
0 40 8
28 24 4
0 41 8
36 11 1
18 20 5
25 38 9
16 39 7
37 1 1
42 21 9
22 44 4
6 18 8
2 46 4
42 0 3
11 49 4
30 16 3
29 27 1
42 1 3
32 34 3
33 45 8
11 28 8
29 3 6
25 33 9
10 15 9
49 7 5
41 1 1
20 8 7
38 1 8
45 48 7
7 42 1
45 43 8
12 10 3
40 23 4
46 39 7
40 20 6
36 28 7
42 14 9
14 4 1
38 43 2
5 39 9
14 31 8
38 48 7
0 45 2
4 9 1
11 18 1
33 32 1
16 44 4
19 35 8
12 34 4
4 42 5
24 27 6
43 26 2
34 39 8
37 7 4
44 1 3
27 9 2
47 10 4
44 40 2
41 26 2
12 29 2
26 5 1
46 25 1
18 13 1
44 12 2
35 17 9
24 33 9
41 28 2
48 39 7
5 17 6
28 32 2
4 11 3
20 2 4
26 43 3
43 6 1
42 5 7
1 2 9
10 9 9
49 41 2
12 39 6
39 28 3
36 16 9
15 46 7
22 32 6
49 10 3
23 20 1
46 6 2
38 39 1
44 15 5
43 46 6
15 38 6
2 26 8
27 26 9
48 40 8
24 38 1
22 3 7
12 38 4
35 37 3
19 24 8
16 6 6
48 41 6
47 14 3
28 1 4
17 24 1
11 41 6
49 37 9
23 34 9
45 30 8
12 22 8
28 41 4
29 6 2
20 6 9
4 10 3
2 29 2
23 11 5
3 28 7
36 19 6
7 25 9
12 13 4
29 45 6
48 49 7
25 22 1
16 37 8
38 23 2
21 20 8
47 41 5
36 44 3
5 49 2
24 16 9
0 3 4
44 11 8
25 7 4
2 38 9
41 24 5
45 2 1
16 18 4
9 7 1
0 19 3
22 29 2
24 25 8
36 14 2
49 39 5
3 46 5
8 13 4
8 15 7
8 29 4
10 47 2
47 44 5
25 44 7
10 1 7
4 37 6
35 5 8
25 49 3
35 29 6
12 49 8
34 28 3
22 35 7
48 16 8
30 7 3
11 34 3
3 2 4
28 23 9
19 26 4
0 48 1
21 16 5
36 31 7
39 16 3
18 24 5
46 43 5
2 25 3
27 13 1
15 29 4
46 31 8
49 29 2
9 4 9
40 8 1
0 1 8
0 46 2
31 2 3
29 49 1
9 28 1
31 23 2
21 4 6
32 1 4
24 47 9
39 18 6
33 17 3
47 2 8
41 47 9
32 33 4
17 44 3
23 15 2
44 28 4
35 3 4
18 26 8
15 47 2
42 45 8
49 40 9
23 48 4
23 17 6
38 34 9
11 26 5
44 5 7
24 37 8
30 15 1
19 7 2
49 14 1
40 0 4
17 15 9
32 5 8
26 36 6
39 3 3
25 30 9
5 44 1
20 15 9
8 31 5
27 5 6
35 2 5
46 26 5
28 26 8
26 9 1
35 22 9
23 25 8
7 23 4
29 33 1
31 47 6
21 0 1
25 0 2
39 32 8
10 23 6
7 49 1
6 34 8
13 18 9
27 1 3
25 28 5
45 42 7
29 35 8
33 8 7
32 28 5
47 11 5
25 27 5
8 18 5
26 46 2
14 40 3
28 46 7
6 13 6
3 9 9
38 4 4
2 23 4
15 3 3
32 26 6
18 45 2
29 28 9
46 24 5
21 39 6
28 43 8
6 39 1
46 32 3
21 27 1
19 1 4
33 19 3
30 19 9
23 32 3
21 26 4
6 10 2
29 0 2
26 2 1
31 34 2
36 25 9
47 48 6
43 8 6
25 43 9
22 23 1
19 11 5
20 22 1
3 45 2
28 3 9
48 1 9
3 36 1
29 23 6
21 6 2
19 13 8
6 12 9
27 34 7
26 4 8
13 12 5
34 0 9
4 1 1
28 19 4
7 8 6
5 3 4
19 27 3
18 5 1
5 43 6
18 6 9
4 14 8
29 30 1
27 29 1
13 0 5
3 26 9
9 13 4
49 42 9
10 14 1
11 37 7
19 39 3
11 47 1
17 40 8
22 28 6
6 46 7
40 7 7
13 37 5
26 15 8
22 34 7
40 5 8
45 5 1
33 46 9
13 19 2
47 38 7
47 27 5
19 38 3
26 45 1
15 27 8
30 1 1
21 38 2
13 8 3
16 38 8
12 30 6
47 39 3
4 17 8
18 27 3
8 5 8
12 15 6
34 29 5
49 46 9
38 0 3
31 45 2
16 40 5
11 0 6
1 12 6
15 19 9
15 21 1
45 31 7
36 47 9
23 8 5
17 28 6
46 5 3
0 28 6
42 49 2
20 25 4
3 27 6
14 5 3
42 3 8
47 6 1
14 11 7
30 47 1
10 25 1
17 29 5
39 0 8
17 30 9
4 0 7
8 46 7
27 12 2
36 10 3
12 44 8
45 46 3
30 42 2
37 35 2
21 10 4
3 44 4
15 44 7
5 1 5
40 9 7
7 31 3
47 43 4
45 9 6
18 2 9
34 8 6
5 19 9
7 26 9
21 43 8
31 7 7
18 10 6
1 15 8
23 0 8
48 46 9
26 20 9
35 25 2
29 7 8
5 23 6
15 33 2
17 0 2
15 16 3
45 19 2
37 45 6
44 8 4
5 45 1
49 43 7
49 2 6
9 5 2
17 8 3
7 41 4
44 19 2
29 20 1
41 48 8
32 17 2
45 4 7
0 6 4
21 31 4
26 28 9
42 27 1
48 6 9
27 44 5
5 13 4
21 36 7
36 7 9
16 9 9
21 47 9
43 2 9
47 22 8
26 12 3
30 25 5
40 42 6
45 12 4
5 25 4
24 41 1
8 44 3
15 1 7
32 41 1
8 1 2
28 7 8
16 0 9
23 41 4
2 1 5
46 11 5
25 41 3
34 25 1
2 13 6
45 15 2
13 31 8
38 29 4
11 48 4
36 22 3
9 3 9
19 10 4
42 12 9
32 11 2
25 31 7
5 35 2
36 37 9
11 2 9
39 35 1
48 27 1
9 2 5
49 34 8
10 6 4
26 6 8
30 39 6
39 36 4
19 18 3
37 10 8
14 27 4
20 45 9
32 45 7
47 7 7
14 30 2
13 27 9
14 48 1
10 40 2
32 27 4
15 9 8
37 12 7
48 0 2
24 12 5
41 42 9
37 48 5
15 23 1
15 25 4
41 31 3
6 22 5
20 35 1
4 8 1
22 24 1
37 32 3
15 5 4
4 30 1
10 11 2
48 13 1
20 10 8
25 15 2
18 28 8
2 9 1
26 35 6
25 45 5
49 22 6
13 22 3
28 15 5
8 42 2
48 22 3
10 35 5
25 14 7
20 7 7
45 7 4
3 34 6
41 20 6
18 15 1
20 31 1
14 29 3
27 21 4
27 17 2
27 28 3
31 39 3
39 41 5
48 29 5
28 44 7
27 30 9
37 2 7
19 32 1
3 22 6
6 8 3
25 47 2
34 33 5
36 41 5
31 42 8
45 8 5
31 11 8
25 36 3
25 4 9
30 13 7
2 41 2
16 49 1
16 36 6
37 34 5
29 9 7
22 14 1
40 43 3
17 39 5
21 29 7
34 49 1
38 26 6
49 6 2
7 29 1
4 45 8
10 24 2
28 47 8
35 40 2
12 23 3
21 9 6
15 48 8
24 35 8
0 25 3
26 47 2
23 24 8
26 44 3
16 8 4
22 31 2
31 3 1
49 3 1
3 41 7
49 48 1
47 45 4
25 39 6
15 41 1
4 36 6
23 18 9
36 13 5
46 19 6
18 39 9
46 17 7
10 20 4
21 18 1
14 1 7
44 31 6
7 14 8
18 29 3
8 27 9
32 40 9
11 10 4
15 32 9
15 13 7
26 30 1
45 36 4
3 19 2
23 33 8
18 11 9
40 25 1
15 11 9
10 8 6
35 43 1
34 22 9
27 49 6
1 33 9
49 9 8
0 9 8
15 42 2
40 10 2
14 9 1
22 17 4
45 44 5
31 9 6
13 43 9
49 4 8
32 18 2
26 24 6
23 6 1
5 10 6
36 24 1
33 40 1
15 31 8
11 8 8
34 47 4
13 15 7
36 30 4
16 47 7
42 35 9
41 16 2
23 43 5
27 31 6
10 46 4
1 27 6
45 21 1
22 4 1
44 47 8
22 12 4
18 34 5
25 11 2
6 1 1
31 44 8
12 41 9
41 11 6
48 15 1
43 37 6
17 4 7
47 42 9
9 21 2
11 45 3
8 14 2
34 24 2
41 19 6
47 32 5
23 16 4
17 38 1
24 5 6
41 36 7
16 27 2
26 37 4
20 1 7
8 0 3
8 39 8
46 15 2
27 37 5
3 4 3
5 21 2
46 41 7
37 40 4
25 19 1
32 3 5
26 21 4
15 17 1
21 34 8
40 31 1
45 20 6
20 49 4
31 12 3
7 45 6
44 24 3
12 0 9
47 49 1
19 43 7
37 28 6
47 46 6
45 17 2
12 35 4
21 2 4
25 26 4
19 25 9
44 26 6
38 22 3
27 19 7
4 24 3
1 20 9
24 9 3
14 37 1
22 0 9
11 4 9
17 6 5
48 24 3
3 12 5
2 45 8
9 49 4
46 0 6
37 24 5
35 48 6
34 3 8
9 8 7
37 41 8
32 15 4
27 2 4
38 18 4
12 27 7
27 41 8
13 49 4
3 31 7
10 38 1
40 39 3
6 5 3
30 2 7
41 49 3
7 36 6
44 13 3
20 14 4
10 21 6
34 11 2
11 30 9
49 31 2
10 34 2
23 47 6
0 47 2
28 22 4
5 32 2
26 7 6
32 47 7
23 9 6
28 39 8
20 0 2
21 8 9
33 47 2
31 13 3
17 46 2
14 10 3
20 5 8
13 44 6
15 18 8
1 22 1
13 47 7
39 34 8
5 8 2
17 2 9
0 18 9
36 34 6
44 25 9
40 12 6
25 40 8
28 31 6
15 37 2
8 26 3
36 3 5
25 20 2
33 44 2
49 12 2
36 38 2
28 21 7
45 25 7
48 26 4
37 5 3
9 23 6
17 13 5
47 34 4
31 41 6
32 19 7
40 34 6
26 27 7
7 30 9
43 36 5
24 11 8
40 33 2
37 49 7
28 2 2
13 29 3
19 46 3
39 1 1
24 18 3
3 20 3
33 27 1
6 0 4
34 1 7
9 31 8
33 6 7
10 17 8
45 47 3
13 26 5
26 11 5
10 12 7
13 39 3
16 43 3
5 38 2
35 46 3
29 14 1
8 17 2
26 23 3
48 19 2
35 38 2
14 3 8
0 24 7
4 40 3
17 45 4
26 14 4
11 14 6
19 37 3
24 15 6
30 32 5
37 33 6
41 10 1
32 8 7
24 28 2
13 17 3
40 30 3
48 37 9
4 49 5
32 7 7
8 6 2
27 8 7
35 34 8
41 27 8
8 21 8
17 11 6
42 26 1
22 30 2
6 48 9
47 3 7
27 20 3
30 41 4
24 2 3
32 23 5
37 42 1
45 18 5
14 15 3
21 32 7
35 23 7
42 11 2
43 18 2
15 20 3
35 9 3
33 7 6
16 29 4
27 18 6
14 24 6
49 44 6
20 23 4
37 25 4
13 16 5
22 21 2
39 40 5
8 23 3
23 46 3
32 16 8
41 14 8
30 44 3
13 21 7
23 27 1
9 41 5
23 45 2
31 19 3
22 11 5
28 36 1
28 34 8
1 3 8
12 5 5
13 35 1
48 17 6
39 24 8
31 25 4
22 8 4
8 40 2
10 39 4
7 15 1
42 36 6
48 47 4
1 18 5
5 42 7
34 23 2
13 3 7
25 6 6
47 29 8
8 41 4
44 18 3
36 1 4
38 3 9
9 48 2
4 34 1
20 3 3
33 42 5
4 29 3
29 8 8
10 13 6
1 38 3
16 32 3
35 7 4
13 36 2
3 29 5
2 6 6
43 9 4
9 47 8
2 8 9
33 39 4
21 44 9
9 29 9
7 3 5
34 2 4
2 10 5
35 1 5
28 17 2
17 37 4
14 8 6
49 13 3
31 36 4
44 48 4
21 46 9
46 35 4
29 43 5
37 44 5
16 24 1
30 4 7
32 48 5
28 14 8
12 46 8
36 18 2
1 37 9
12 21 4
26 16 7
50:1700