9 18 1
29 9 3
1 9 4
2 17 3
27 10 1
15 27 3
2 5 4
14 17 6
1 24 8
27 29 3
13 9 8
24 13 6
17 22 1
24 23 1
28 1 7
25 4 3
0 17 2
13 22 5
27 13 3
24 8 2
0 23 4
19 15 9
29 10 3
6 14 7
13 8 3
5 6 9
25 26 6
7 14 6
28 11 8
21 11 9
7 6 7
2 24 2
27 23 9
15 19 9
10 6 6
9 29 2
18 13 7
20 1 7
15 17 4
4 8 8
5 29 5
18 16 5
12 4 5
28 4 9
19 28 9
16 25 6
3 17 3
8 10 2
26 4 9
9 3 2
17 27 8
5 11 8
28 17 5
15 6 1
17 16 1
3 12 2
15 24 9
8 21 5
0 14 7
1 15 9
23 18 4
14 7 6
3 4 4
13 28 4
1 22 1
29 11 3
4 22 1
24 10 6
23 4 1
17 14 8
16 18 3
25 18 3
3 5 4
6 20 9
16 20 1
13 14 6
13 1 6
28 16 7
22 27 6
24 17 8
17 18 3
7 8 8
27 0 6
22 1 3
11 21 9
19 18 3
24 6 8
27 19 2
8 14 2
18 7 5
23 6 9
8 1 7
22 28 1
5 0 2
5 9 9
14 10 3
13 24 7
3 27 6
23 29 7
22 0 1
13 6 5
19 24 6
29 1 7
28 19 1
3 23 3
4 10 5
29 24 1
17 6 6
1 7 3
25 10 9
6 19 7
6 10 1
18 29 6
29 19 6
22 29 3
0 18 7
7 1 4
23 25 6
26 17 8
1 8 8
11 1 1
11 19 5
18 11 6
26 2 3
1 3 6
13 15 2
24 11 6
17 12 1
2 20 7
17 10 8
4 5 3
3 7 1
2 29 9
9 25 6
23 26 1
21 12 4
2 22 8
21 7 8
29 25 2
19 5 1
12 7 5
14 8 1
20 9 3
11 9 5
2 27 2
28 0 8
9 7 2
14 12 9
9 5 7
21 4 3
10 21 4
23 20 8
5 26 4
27 28 4
8 12 2
29 28 3
17 26 2
22 5 1
14 20 1
19 7 2
23 9 7
8 19 8
6 21 3
21 8 7
4 15 5
2 3 2
17 0 4
0 1 3
17 19 9
2 0 9
11 23 3
11 12 9
6 27 2
21 16 8
23 7 5
6 11 9
3 10 2
8 26 2
29 23 5
10 5 7
29 15 5
5 2 7
7 9 1
4 25 2
28 10 7
13 3 3
6 4 7
27 5 9
24 21 7
29 27 1
26 6 4
19 3 3
18 19 1
9 22 8
29 14 7
9 17 5
13 29 3
10 17 5
18 9 4
16 13 2
17 5 2
20 22 5
26 25 5
22 25 5
23 8 6
8 18 1
0 4 8
17 13 6
24 14 9
6 8 5
20 23 8
6 18 9
8 3 3
1 5 4
20 19 7
29 8 7
0 15 1
6 16 7
26 12 1
29 2 3
22 2 3
2 23 3
19 1 6
3 15 1
16 6 7
11 18 7
0 11 6
24 0 7
5 13 9
9 11 1
7 29 8
26 5 3
23 3 3
10 24 2
7 5 2
2 10 7
17 4 4
29 3 4
13 7 3
7 23 7
17 9 6
26 22 2
9 6 5
19 0 6
26 7 7
12 17 4
14 21 9
14 28 1
16 17 5
19 26 5
16 3 3
5 17 2
24 15 8
17 15 3
14 4 9
29 21 2
27 21 3
12 24 1
0 2 1
29 12 5
7 11 9
19 4 2
5 20 2
18 1 1
5 21 5
12 0 5
7 12 9
25 19 7
27 15 4
5 12 3
19 10 8
3 2 6
20 15 6
5 25 4
25 12 6
8 0 4
7 22 8
16 28 8
5 28 4
24 1 5
19 12 4
11 26 6
1 17 9
29 20 5
16 22 7
24 5 2
16 10 5
14 16 1
16 2 3
15 16 6
3 6 2
26 18 3
18 25 9
8 28 7
7 3 4
4 12 2
19 2 6
12 19 3
23 0 1
4 26 8
6 24 8
7 17 4
21 2 1
26 13 1
10 26 7
22 13 9
8 22 6
23 14 9
29 16 5
23 16 7
8 15 8
28 2 9
28 8 7
20 6 3
0 12 4
1 14 2
0 5 6
21 27 5
14 24 6
5 7 8
15 18 6
24 3 3
2 1 7
17 29 4
8 24 1
6 25 4
14 25 3
22 23 3
17 1 1
0 24 1
28 7 6
16 21 4
8 13 4
3 9 2
14 5 5
13 27 8
10 1 6
4 13 9
10 22 6
8 4 2
22 19 2
26 16 5
21 20 7
21 1 9
20 27 4
18 0 4
18 20 2
27 7 5
12 1 4
7 21 2
2 21 2
22 10 8
4 20 4
19 8 4
26 9 5
11 14 5
2 9 5
25 27 4
3 18 2
15 13 8
12 16 8
9 1 3
21 17 8
12 15 5
6 26 1
15 3 1
16 12 6
5 24 6
17 3 9
26 28 8
12 10 9
22 21 9
6 7 3
29 13 6
25 21 3
20 26 9
2 7 2
8 17 2
5 19 3
3 26 5
11 4 8
25 3 7
6 29 6
6 15 1
5 23 6
11 24 4
0 7 1
6 17 2
7 25 6
6 13 1
11 13 5
14 27 9
13 11 1
22 4 8
5 15 3
27 24 3
4 23 9
13 20 4
11 15 6
4 14 3
23 11 5
10 2 9
0 28 6
15 10 6
11 5 2
21 18 1
9 21 5
4 9 9
16 7 4
1 0 6
24 22 2
13 12 7
21 13 3
22 6 1
6 3 1
12 25 7
18 26 1
21 28 8
5 1 6
16 24 7
12 3 9
15 22 1
28 21 3
0 3 5
26 1 5
11 10 1
9 0 6
1 25 6
3 11 6
18 23 9
23 28 5
19 25 4
23 27 4
11 0 9
12 9 7
27 22 4
11 7 1
24 26 5
18 28 7
15 5 8
10 16 6
0 9 1
3 20 2
1 21 1
0 13 1
15 1 1
19 21 3
16 1 1
21 14 1
13 4 6
14 26 6
1 27 3
23 13 6
11 16 8
20 14 7
4 3 6
28 27 5
3 0 6
10 20 4
23 19 1
12 29 5
15 4 3
2 19 2
14 2 2
5 16 9
9 16 6
28 6 9
20 0 7
0 19 8
15 7 2
9 23 1
26 8 2
1 28 7
24 18 2
4 6 4
22 18 1
8 9 2
15 0 1
1 4 2
14 11 2
28 15 7
12 8 4
15 25 1
22 17 4
15 12 9
4 7 1
24 9 8
24 12 3
9 28 7
11 20 8
9 10 7
10 28 7
27 16 4
1 18 3
19 16 9
25 29 8
12 11 2
1 19 6
19 20 6
18 8 8
8 2 2
28 3 6
5 14 2
24 4 7
30:504