2 6 7
2 19 1
6 17 8
4 15 7
11 18 1
3 18 2
2 0 3
3 11 6
18 11 3
8 13 6
1 0 9
14 2 9
13 1 5
14 1 5
10 18 9
5 19 2
2 7 7
8 9 3
3 15 4
0 18 8
11 12 9
12 10 5
7 14 1
18 4 6
2 3 3
1 11 7
15 19 5
10 0 1
14 10 7
10 14 5
5 1 3
1 7 4
7 4 1
19 18 4
18 8 4
16 15 6
6 10 9
3 0 5
8 2 7
0 14 9
2 13 7
14 9 6
10 7 7
9 16 7
17 7 4
5 3 7
15 0 2
5 17 4
0 12 6
15 12 7
6 7 9
17 5 3
13 16 3
9 11 4
18 13 9
19 4 4
14 17 1
13 9 6
19 0 1
10 11 6
10 16 4
16 17 3
12 8 3
16 5 8
1 12 4
14 16 6
7 9 1
0 9 4
0 3 9
12 19 3
4 17 4
6 15 9
17 14 2
15 7 9
5 14 6
15 10 6
3 13 8
10 5 1
3 9 5
4 1 6
19 7 7
14 6 7
5 13 6
12 3 7
7 18 9
9 1 7
13 12 1
13 4 5
12 9 8
8 15 1
5 6 4
6 12 8
16 13 5
13 17 2
7 3 8
13 11 3
14 4 9
6 14 1
7 12 9
3 6 2
13 0 6
12 5 6
18 16 2
1 4 5
20:104