13 17 8
11 7 6
1 7 3
11 13 6
6 14 6
2 19 8
7 14 9
15 17 6
15 2 2
7 6 5
19 8 5
19 11 1
17 13 4
4 7 9
12 2 9
19 7 6
12 8 2
5 0 6
5 8 1
12 14 7
19 15 1
3 6 7
9 14 1
5 1 9
18 12 4
18 2 2
19 12 6
1 5 7
5 11 8
18 11 7
1 8 9
15 16 3
10 9 7
11 15 7
14 8 4
2 9 4
18 3 3
11 1 6
15 14 9
3 14 1
14 18 6
3 0 1
10 16 8
4 1 7
15 10 7
17 0 6
0 17 7
8 9 2
10 2 8
2 17 9
8 6 4
14 5 5
12 4 9
7 15 7
9 11 7
6 16 9
0 18 4
19 14 1
17 15 7
2 5 5
8 12 9
8 0 7
1 19 7
8 13 1
6 18 5
10 0 8
9 0 8
13 10 5
11 6 6
11 2 6
13 4 9
12 15 9
15 1 4
13 3 4
4 17 6
17 2 5
8 3 2
8 5 9
0 8 5
19 2 9
4 10 7
3 18 9
18 4 9
19 0 7
5 9 9
16 17 8
2 8 2
0 6 3
18 1 8
0 1 4
17 7 1
9 3 2
0 16 8
10 18 9
9 6 7
10 5 6
8 15 4
6 0 2
16 5 3
19 13 8
7 10 2
19 16 8
3 2 7
2 11 6
1 15 3
11 19 9
12 11 2
19 18 4
6 13 8
1 9 8
6 4 3
14 13 6
16 18 4
4 14 9
4 13 2
17 1 5
13 0 7
5 2 8
7 8 5
14 19 8
5 19 6
11 16 3
7 18 5
2 10 2
13 8 6
15 6 5
2 16 9
2 15 2
5 6 9
5 12 6
10 11 9
3 9 8
7 16 2
16 8 4
10 19 5
12 7 3
18 8 6
16 19 9
8 10 7
18 14 2
19 6 2
17 3 1
17 10 8
11 12 6
16 0 8
11 3 7
3 12 3
9 12 1
16 4 7
18 7 8
13 18 2
14 7 2
18 10 5
14 0 8
19 4 2
3 8 5
9 8 2
2 6 6
13 5 7
6 9 7
16 11 9
7 17 3
9 19 9
4 2 2
3 7 9
5 13 5
11 18 3
10 3 7
14 6 7
19 9 8
1 13 7
15 9 4
13 1 7
0 3 7
0 5 7
1 11 8
8 1 2
16 1 3
5 4 8
11 9 1
0 19 4
19 5 6
4 8 1
18 9 4
12 17 9
0 10 2
10 4 6
16 14 1
13 7 7
0 14 4
0 13 7
3 11 9
2 0 6
4 9 5
6 11 1
16 6 6
0 4 2
5 3 2
2 12 4
1 10 5
13 15 2
14 12 3
8 16 7
15 3 9
10 13 4
10 14 1
18 15 6
5 15 9
2 1 6
7 4 8
7 0 6
11 4 1
19 3 6
2 7 8
18 19 5
7 2 4
1 14 5
10 6 9
7 9 4
11 8 6
6 5 5
4 0 8
16 13 1
3 13 2
14 9 4
7 11 9
1 12 6
13 11 5
8 19 6
0 11 4
6 17 8
12 16 8
1 3 4
9 15 3
16 2 1
4 11 5
13 16 6
16 9 4
6 10 1
1 18 8
18 17 2
15 5 5
11 14 2
19 10 8
14 1 5
12 6 8
18 13 3
7 1 3
1 6 9
16 10 7
9 10 7
11 0 8
9 2 5
18 5 3
13 9 9
2 18 7
18 16 6
18 6 2
0 12 9
12 18 7
7 3 1
10 12 1
0 15 5
0 7 6
10 7 8
1 2 1
12 5 4
15 4 7
8 14 3
6 15 3
13 12 8
0 9 8
9 17 4
7 13 6
17 12 8
8 17 1
3 17 2
8 18 6
14 15 2
7 5 4
15 19 5
9 5 7
4 6 3
6 7 9
7 19 9
11 5 1
6 2 2
17 19 4
4 12 1
16 15 4
8 2 2
3 4 5
9 7 6
13 19 6
6 8 2
8 7 8
20:296