20 41 8
26 31 5
16 33 2
1 18 8
37 38 2
18 12 3
44 42 8
37 34 3
28 34 4
0 10 9
43 5 4
11 21 8
1 44 6
49 7 1
17 21 5
16 20 8
35 7 5
40 16 3
24 20 7
24 9 4
45 37 2
19 20 9
42 46 6
25 34 1
2 8 8
15 13 1
49 35 6
34 36 9
26 2 8
27 31 8
16 41 3
15 11 5
24 6 9
2 41 7
13 10 7
40 11 8
43 27 3
25 36 1
44 48 4
42 29 5
33 34 3
29 2 6
34 46 8
6 35 7
29 4 7
12 15 5
19 13 9
4 6 4
39 18 9
0 29 7
47 9 8
30 13 9
41 33 6
15 46 5
48 4 2
24 47 7
46 25 3
40 23 2
10 17 6
38 19 2
0 43 2
10 14 2
3 36 5
9 17 8
16 31 7
15 40 3
23 18 5
10 12 8
10 36 2
33 7 9
24 10 6
47 30 5
1 0 5
38 1 8
19 44 5
11 7 1
42 26 8
34 31 8
25 22 9
9 30 3
17 9 7
48 9 3
34 14 3
42 6 1
28 33 8
43 38 3
8 33 6
33 47 8
46 49 2
39 28 9
48 2 9
16 10 2
48 23 6
46 28 1
46 24 7
0 31 9
38 47 8
13 33 4
28 31 1
45 9 8
1 4 2
49 10 6
25 27 8
14 39 8
12 11 1
36 15 4
33 26 1
18 22 3
32 22 4
37 27 2
9 27 5
20 44 4
20 32 6
6 8 6
0 25 9
34 17 7
14 19 3
34 8 8
23 36 4
47 17 6
47 48 7
14 44 1
2 6 6
27 39 1
42 36 6
45 29 6
38 46 8
48 27 6
31 24 5
16 3 1
47 2 9
20 18 6
3 26 2
30 27 9
23 34 6
26 8 1
31 16 4
8 5 1
26 29 9
42 38 6
40 26 7
12 35 6
23 2 7
31 34 3
35 43 9
11 46 8
46 19 3
2 34 1
45 48 3
29 6 8
13 18 5
11 16 1
17 37 5
32 2 1
41 27 1
12 41 5
14 37 3
25 6 4
28 0 6
38 22 5
46 5 5
39 43 1
15 23 1
43 15 7
19 15 2
13 15 6
7 15 4
22 28 7
28 36 4
10 46 7
23 21 8
0 32 6
25 14 3
27 43 8
36 28 9
19 45 7
14 34 8
1 12 7
36 35 8
29 20 1
32 43 8
14 31 7
19 49 3
9 16 1
24 30 7
32 38 2
35 49 8
41 26 4
9 45 8
5 12 1
38 14 9
9 44 7
33 18 8
48 19 8
30 43 8
19 2 9
31 36 7
3 7 5
17 16 9
23 3 8
6 22 5
16 44 6
36 47 1
34 1 7
49 22 8
29 39 5
30 41 9
2 18 1
27 40 4
15 16 3
32 4 3
8 18 7
13 34 4
38 24 6
22 18 8
23 41 6
33 39 2
7 47 3
41 29 7
3 15 9
40 6 2
42 34 7
39 17 2
5 15 7
36 1 1
32 18 5
10 44 2
29 38 5
8 29 4
6 1 8
32 35 4
18 0 3
17 49 1
31 35 7
13 41 9
6 39 7
44 25 3
29 43 2
34 10 5
19 37 6
19 9 6
19 41 4
6 19 5
33 5 8
17 47 9
16 42 4
37 20 9
45 27 6
25 3 9
9 0 2
25 5 7
10 41 6
4 37 5
42 33 1
34 2 1
20 40 1
27 45 4
26 40 3
49 48 8
21 13 6
33 24 1
48 26 6
12 31 6
21 32 2
39 11 9
45 6 7
15 28 8
1 17 8
3 27 2
20 25 3
12 19 9
24 34 6
47 5 8
35 39 4
43 24 8
44 39 1
1 16 9
9 32 5
3 42 6
43 10 4
47 3 7
2 0 9
6 18 4
34 29 9
16 23 6
4 26 1
24 0 8
14 27 3
37 23 9
26 44 3
43 40 2
48 11 8
13 17 5
20 23 3
21 43 2
9 31 5
15 35 6
43 35 4
31 33 2
15 31 6
14 36 7
47 13 5
22 0 7
39 23 8
19 27 6
25 26 8
36 22 2
13 27 3
26 38 7
22 43 6
20 16 5
4 18 1
32 37 5
7 49 3
48 15 4
30 42 2
27 13 1
28 10 4
34 0 5
32 48 3
0 18 1
18 2 3
14 48 7
27 1 7
6 9 6
18 4 6
43 37 9
3 40 9
39 10 2
8 31 8
38 34 8
36 32 1
48 10 6
30 7 3
40 43 3
6 42 6
27 44 8
17 30 5
23 47 9
4 40 4
41 31 8
10 0 3
42 39 7
35 17 4
36 44 9
9 5 7
47 35 5
44 36 2
35 44 8
34 27 1
45 40 3
24 13 4
23 19 5
17 27 9
2 31 5
24 43 8
49 30 6
46 31 7
1 33 4
47 27 6
15 2 6
18 6 1
7 13 6
42 40 4
45 43 1
45 5 9
27 10 8
6 45 9
39 12 8
23 10 4
41 4 7
33 20 1
12 43 6
12 21 2
48 32 3
24 29 1
29 25 9
40 34 3
24 38 3
34 11 9
9 12 4
39 26 3
43 13 2
32 3 9
22 25 4
16 14 8
10 34 2
36 4 2
46 47 4
25 8 7
37 18 7
6 21 1
22 26 1
46 1 6
32 28 4
32 11 4
37 42 5
41 35 6
12 29 5
38 27 5
17 4 5
25 29 9
39 1 4
35 8 2
14 7 6
26 5 9
40 2 7
32 21 9
12 4 2
37 17 4
4 24 9
9 42 6
24 27 2
26 39 2
21 0 8
15 8 8
36 29 8
25 39 9
29 49 7
0 26 1
40 28 2
1 8 9
11 24 9
32 1 8
36 14 4
27 11 9
10 45 7
0 47 4
37 45 5
15 22 4
27 41 9
9 13 2
11 0 2
42 3 8
35 1 2
32 6 7
36 12 2
45 41 4
22 38 9
18 13 1
23 20 5
14 35 5
33 30 7
31 44 1
47 20 3
4 5 8
49 15 9
46 33 3
23 15 5
5 9 1
6 12 6
23 43 4
8 26 3
49 44 3
25 20 7
16 27 8
19 30 3
46 15 8
21 35 8
7 3 4
34 40 2
13 2 4
47 6 5
4 25 1
20 36 4
36 42 5
42 16 4
36 41 9
39 2 1
45 47 4
34 3 9
29 10 1
39 32 9
24 14 3
42 5 1
41 20 7
46 20 9
10 30 8
17 36 5
7 14 5
16 6 5
15 24 9
27 29 6
38 17 7
20 49 8
40 35 5
32 26 1
29 46 5
17 24 1
8 22 5
49 24 8
32 30 8
47 28 4
2 36 4
17 2 7
0 23 7
9 11 7
34 19 7
27 12 7
16 1 7
27 19 4
47 8 9
21 49 5
46 45 6
0 40 4
13 6 6
44 41 1
42 19 5
30 11 5
9 7 9
47 44 8
39 40 7
49 21 7
40 4 5
25 33 8
39 27 9
49 28 3
2 49 9
36 34 7
19 28 1
41 1 6
10 39 7
26 30 8
35 26 2
22 42 6
34 44 4
38 16 1
34 30 6
41 43 1
36 11 3
16 4 1
42 25 4
8 12 7
27 49 8
34 25 5
36 27 9
7 8 9
46 9 9
12 28 4
29 12 6
1 6 4
27 4 6
24 15 5
47 16 7
3 4 9
22 20 5
6 47 8
3 10 8
34 23 1
3 23 6
21 6 6
44 1 6
16 28 7
20 4 8
18 21 5
43 0 7
47 26 1
15 6 1
41 8 8
31 30 3
26 16 8
31 29 6
26 35 2
9 47 9
20 39 2
11 23 2
22 13 2
48 42 1
38 32 4
30 38 8
34 7 5
10 47 8
22 21 1
26 45 1
37 9 6
18 19 1
4 43 2
2 38 2
20 46 2
5 38 2
23 7 4
18 38 1
23 11 6
27 47 4
45 16 9
10 15 5
4 44 5
18 35 5
10 23 9
34 22 7
32 20 5
22 34 1
40 49 5
10 3 7
15 26 3
15 49 1
5 13 2
6 28 3
17 22 9
31 13 6
12 37 2
35 29 4
20 28 3
30 26 1
21 40 5
48 35 9
19 1 6
26 12 6
34 42 8
7 40 7
16 37 8
46 4 6
32 41 4
3 33 3
29 16 1
6 49 7
16 45 3
17 28 7
22 33 5
32 12 6
23 25 8
28 6 6
27 25 7
48 29 7
15 17 4
12 49 9
33 46 9
7 19 8
18 24 3
13 9 6
3 17 2
30 10 2
16 17 8
25 32 9
9 39 3
26 28 9
0 33 8
27 33 9
3 9 4
43 6 3
23 5 3
32 23 1
11 45 7
17 33 4
13 25 1
37 40 1
14 0 1
8 34 5
4 47 3
2 12 2
19 12 3
30 3 2
17 40 6
23 40 2
33 8 3
35 12 2
39 31 7
0 16 5
42 31 5
0 46 7
26 46 3
42 28 2
27 48 3
20 6 7
26 10 6
2 46 8
41 28 4
10 5 9
8 41 5
13 43 3
29 11 2
9 24 1
19 3 2
2 22 9
10 18 9
43 21 4
17 0 4
39 22 7
31 7 9
39 6 5
23 33 3
26 47 6
13 22 8
6 29 2
19 17 3
18 48 7
7 45 2
40 47 7
19 6 7
16 0 1
42 17 3
11 49 8
9 4 4
24 17 7
40 8 3
8 30 4
26 49 7
5 3 9
40 39 9
8 49 2
7 12 7
13 11 7
1 21 6
1 28 1
29 32 3
31 21 6
40 32 1
40 17 7
27 3 4
7 39 9
49 16 7
10 27 4
18 1 5
14 9 1
27 2 4
8 32 9
45 20 3
31 46 8
6 27 5
33 45 4
21 42 2
0 3 3
3 38 5
43 34 1
21 5 6
14 1 2
46 30 5
27 36 8
45 36 5
11 48 7
28 18 1
5 24 3
43 32 5
2 20 8
37 8 2
12 44 3
24 11 7
46 48 1
49 42 5
17 1 9
13 40 8
34 48 6
28 8 5
43 3 1
40 33 7
46 42 9
9 15 5
48 43 6
16 39 2
35 20 1
44 27 6
1 19 7
20 45 8
43 28 2
6 48 5
30 40 7
14 42 1
44 5 4
23 39 8
42 1 4
10 28 5
5 41 2
5 39 1
11 43 6
25 21 1
11 47 1
8 24 5
31 5 8
29 34 6
10 42 8
22 5 9
11 3 7
38 36 9
46 8 9
43 46 3
38 44 5
24 33 7
22 40 1
22 44 7
11 27 7
18 25 2
27 0 6
44 16 3
26 43 9
32 17 1
17 31 7
32 10 2
47 31 4
14 29 4
9 49 4
21 14 6
0 9 8
27 24 9
14 2 2
28 40 5
15 45 4
8 19 2
33 3 5
10 38 2
22 19 3
20 3 8
3 6 7
30 25 6
11 19 6
31 6 9
37 24 2
24 3 4
36 19 8
41 11 1
25 28 1
30 8 1
19 11 6
19 33 8
14 38 2
42 8 9
2 25 7
49 18 4
29 17 4
13 1 7
11 36 5
38 11 6
3 25 3
41 39 9
3 1 1
42 48 3
48 37 7
2 14 6
14 45 3
4 45 3
44 11 7
27 46 5
21 47 8
38 49 6
12 10 3
38 29 2
38 7 1
23 37 7
30 0 3
12 48 7
10 9 5
2 4 1
35 25 1
21 7 5
48 30 6
44 35 8
26 32 6
21 1 9
35 4 6
0 5 9
49 5 6
21 18 2
46 6 7
28 47 6
12 1 1
4 3 8
32 44 4
14 41 5
25 30 7
7 44 3
26 25 1
11 2 4
11 5 3
13 0 2
36 17 4
9 19 3
10 43 4
36 5 2
45 1 5
5 25 1
2 30 7
28 25 5
19 40 2
22 16 6
28 4 7
42 11 4
37 10 1
0 2 4
30 47 8
5 34 6
43 9 8
42 30 4
1 46 3
17 32 9
41 36 9
28 19 5
24 1 8
35 10 2
17 10 4
21 11 6
31 1 1
17 19 3
37 7 2
18 15 9
5 23 6
5 10 7
48 22 6
38 20 1
33 36 8
42 12 7
42 41 3
43 33 4
24 26 7
25 19 3
42 22 4
42 49 2
25 31 6
48 38 2
27 18 8
14 28 7
3 8 1
20 12 1
42 10 8
3 19 5
39 15 1
28 13 9
7 10 9
6 36 5
22 1 9
25 23 8
47 29 8
37 35 7
8 28 1
4 49 5
7 42 1
42 14 2
2 27 4
7 5 5
41 2 9
46 21 4
37 43 8
4 28 5
26 4 6
21 36 8
17 43 9
43 11 1
41 12 3
41 32 9
5 48 7
1 35 6
0 15 3
6 2 2
6 0 9
22 17 9
25 35 6
12 3 6
19 35 5
43 14 9
27 7 6
1 39 3
40 25 3
13 20 1
6 32 7
33 44 5
17 18 3
34 4 9
3 43 4
30 14 6
49 20 8
0 44 2
3 45 4
5 42 9
5 28 5
25 17 1
47 42 3
48 36 5
33 48 9
49 11 5
49 40 8
11 42 5
0 35 1
17 11 1
48 28 2
28 2 6
7 48 2
43 7 1
47 32 2
22 47 8
24 36 5
33 11 2
42 35 9
8 13 8
9 41 3
42 15 5
11 29 1
37 44 4
33 27 3
15 10 5
2 42 8
48 40 1
6 23 7
28 16 7
0 49 1
1 31 2
38 42 1
14 25 6
39 14 4
45 8 7
24 46 5
49 13 2
17 29 5
6 3 2
0 28 5
21 2 7
43 1 7
8 17 4
47 11 6
44 3 7
27 16 2
23 35 2
19 14 4
31 27 5
44 30 4
2 39 9
18 43 2
13 47 7
33 23 2
26 27 8
40 14 9
44 24 8
34 47 6
31 0 1
6 16 3
20 21 6
25 1 3
35 38 2
4 12 1
13 44 7
46 40 4
40 36 4
30 34 3
18 11 3
38 39 6
32 15 5
25 38 6
30 17 6
26 14 8
16 47 8
1 3 1
38 0 6
35 23 7
15 32 4
11 8 9
18 17 7
23 48 8
38 37 7
43 42 7
49 45 3
33 35 5
17 38 1
39 42 9
17 8 2
9 34 5
1 41 4
34 18 9
41 42 5
27 21 2
6 30 3
5 19 5
38 31 5
4 11 5
4 48 7
37 39 8
0 19 1
24 42 4
23 29 8
49 46 3
12 2 4
23 31 4
35 36 6
15 14 4
33 31 2
2 48 1
21 9 8
6 31 3
45 13 3
43 26 6
34 20 9
35 16 8
30 44 7
13 3 9
4 33 3
7 37 6
30 16 8
18 28 2
21 31 1
23 13 2
41 40 4
8 44 1
11 17 4
37 14 5
30 4 8
24 41 5
12 42 1
22 39 7
48 47 6
26 13 2
15 44 1
17 41 7
14 20 3
2 26 3
2 3 7
15 29 6
1 29 1
48 5 9
2 32 1
34 33 7
34 9 9
2 21 9
8 27 4
25 40 2
18 40 9
33 17 4
41 6 5
4 34 7
37 3 4
37 2 2
41 34 1
24 19 1
6 15 4
13 7 4
41 9 7
19 29 8
32 24 3
19 46 2
17 3 3
45 10 9
24 16 1
22 12 8
30 6 1
44 14 7
25 45 5
5 20 1
19 18 5
31 22 5
39 37 2
2 47 5
0 21 6
40 45 2
14 32 8
13 5 4
32 42 8
24 18 4
3 20 2
35 9 7
32 27 9
12 8 5
17 25 6
47 15 4
31 28 8
34 49 2
19 25 8
34 35 5
17 5 2
40 18 2
43 20 1
14 17 3
17 26 6
23 8 8
4 22 5
21 34 3
9 46 2
38 21 5
48 41 9
42 27 1
23 32 8
20 27 7
35 48 4
4 21 9
2 33 9
44 8 5
41 44 5
19 32 5
35 11 4
16 22 3
37 28 9
1 49 3
33 16 9
12 32 1
3 29 4
11 37 1
25 43 9
14 18 3
37 11 9
41 37 6
49 1 5
29 22 3
5 22 7
25 15 9
7 18 3
0 30 5
26 19 3
2 43 2
15 7 9
43 47 4
10 37 6
28 9 3
4 16 9
5 36 3
8 3 4
27 37 8
4 7 5
37 4 2
34 32 1
3 49 1
29 33 2
39 7 9
22 29 4
21 22 4
5 45 8
36 10 5
44 0 7
18 20 2
33 14 5
24 31 8
8 48 9
16 11 7
33 41 4
45 26 5
34 37 4
26 3 7
11 20 2
14 33 3
21 48 9
39 5 3
12 38 9
19 21 1
40 30 4
41 7 4
36 23 7
20 48 7
0 41 8
47 34 2
16 30 8
46 35 1
8 20 2
48 16 2
33 28 4
29 23 4
46 23 7
27 14 7
24 12 7
16 15 5
30 29 8
19 7 6
35 30 6
43 31 9
11 15 4
27 38 7
36 21 3
14 8 8
40 29 8
45 28 3
26 23 5
0 1 1
15 0 8
16 24 3
32 47 5
39 30 4
44 28 8
48 12 7
45 39 5
18 3 3
35 40 2
37 25 9
46 17 3
32 34 6
46 27 5
34 6 9
17 7 7
36 43 3
28 20 4
25 2 6
7 0 2
14 30 2
40 13 4
34 26 7
16 19 2
12 39 4
7 22 7
45 32 1
20 31 5
13 24 4
8 42 4
2 16 3
14 22 5
22 48 3
26 7 3
29 36 5
22 37 5
39 25 6
35 21 4
32 16 3
40 31 1
5 21 5
49 47 6
47 22 9
26 17 6
37 49 8
41 24 9
39 48 5
46 39 3
34 21 5
1 20 2
0 38 4
42 44 5
39 21 5
32 46 4
24 25 9
9 3 5
31 40 9
25 12 1
49 36 6
33 42 8
11 18 7
19 23 3
27 28 5
1 30 7
34 5 8
48 3 6
12 26 2
44 29 5
23 0 7
12 30 8
1 2 6
29 3 4
37 32 8
13 45 2
20 14 6
9 33 9
49 25 2
2 13 2
9 18 9
25 46 1
47 39 5
34 38 8
36 16 4
43 8 3
0 7 4
4 13 1
3 11 7
37 5 7
6 7 9
18 27 7
30 22 8
34 13 9
29 14 7
32 45 6
45 7 6
37 6 2
15 42 3
18 49 1
14 11 1
22 6 2
23 12 4
33 10 3
8 7 9
16 5 2
9 26 7
49 17 3
6 17 8
13 29 4
22 7 4
20 10 9
45 11 4
16 36 1
25 48 6
22 23 9
14 43 9
1 37 2
16 40 4
14 24 2
18 16 2
12 6 9
7 43 2
18 30 8
38 40 8
40 3 9
31 17 2
3 18 4
20 34 8
23 14 8
35 19 3
21 16 4
4 2 1
4 17 6
3 24 7
37 1 5
30 35 2
8 4 9
26 33 6
33 19 8
15 41 1
29 1 1
30 23 2
26 34 8
49 34 2
11 40 1
49 26 2
22 2 7
30 33 9
40 41 1
12 13 8
16 9 6
12 20 2
15 30 9
6 20 4
10 1 2
37 29 6
44 33 1
21 27 5
12 9 9
4 9 7
41 18 2
18 42 3
48 21 8
1 24 8
38 43 7
1 15 3
8 10 3
3 13 8
35 15 7
29 19 2
42 43 4
10 31 5
45 14 1
3 0 8
27 8 2
20 15 7
20 38 4
41 22 4
43 41 7
45 31 8
5 11 3
21 26 3
3 46 5
23 22 9
37 30 9
33 2 7
8 15 8
36 39 1
16 21 4
20 26 9
18 14 1
7 16 7
6 24 5
22 41 7
34 12 2
31 9 6
2 37 9
22 10 8
45 21 6
33 49 9
10 13 1
45 46 4
38 4 9
24 21 1
37 41 7
29 41 2
47 10 5
39 36 3
30 1 4
5 49 1
19 0 1
48 18 4
13 26 6
14 6 9
32 29 1
31 48 8
6 33 9
26 41 7
20 5 2
18 39 1
48 46 5
27 6 6
4 14 1
47 4 5
36 38 7
29 18 5
37 19 6
23 17 8
32 33 5
18 44 6
17 34 9
21 39 7
42 47 5
22 46 7
12 45 2
34 43 1
16 34 8
19 16 1
46 14 1
44 15 3
40 5 9
2 17 8
16 26 8
49 19 1
8 23 3
48 44 3
2 45 9
3 39 3
27 42 7
34 24 8
6 26 6
13 32 8
13 36 7
1 48 7
22 45 9
35 31 9
8 36 4
28 1 3
5 1 9
4 35 8
6 10 3
41 46 9
43 18 3
21 12 7
32 40 9
27 32 7
1 38 4
15 36 9
10 40 8
28 35 2
45 30 7
13 16 3
35 2 7
28 41 2
15 37 7
18 26 8
40 7 4
7 24 8
17 39 4
19 24 4
34 41 1
29 8 5
17 44 6
18 47 4
14 40 4
32 39 3
1 22 3
44 23 3
1 36 5
38 25 8
38 48 8
7 29 5
30 32 8
21 37 7
44 38 2
27 30 5
36 45 6
20 22 4
7 17 6
1 42 5
43 17 7
27 34 7
6 46 7
43 45 3
46 44 2
9 22 2
4 41 1
0 17 5
11 22 6
13 37 6
13 21 2
29 9 4
22 36 8
42 7 2
4 23 1
25 4 4
42 23 9
28 3 3
47 49 5
6 41 3
2 9 6
47 41 8
38 28 4
23 30 8
44 49 9
5 29 9
8 1 8
8 11 2
9 25 7
29 7 9
24 2 9
9 38 8
36 26 7
12 46 2
2 24 9
20 24 7
4 38 2
35 27 7
49 0 3
11 26 5
23 27 5
26 21 2
1 9 6
49 12 4
39 16 4
42 2 4
10 20 4
15 34 8
41 15 5
29 13 8
24 8 2
32 8 7
29 5 7
26 0 2
47 12 6
49 2 3
42 32 4
21 44 5
9 28 8
5 47 1
29 42 9
45 3 6
46 13 8
30 36 5
41 45 5
1 23 5
10 6 5
46 34 9
48 1 9
12 40 2
11 25 9
40 0 9
12 23 6
43 16 1
7 30 5
31 49 9
24 22 1
31 3 7
0 22 4
4 42 4
0 34 7
46 7 8
36 7 2
24 49 1
10 29 9
5 2 7
22 49 4
25 0 8
9 36 8
15 47 4
11 13 6
38 9 3
11 10 4
42 0 4
45 2 9
36 20 2
6 13 6
21 29 2
45 33 9
20 13 5
49 4 4
15 18 6
41 23 8
36 13 7
5 27 2
27 23 3
18 9 2
16 12 5
32 25 6
18 10 7
40 20 6
0 36 9
13 35 4
33 13 2
10 32 3
16 2 5
21 41 6
15 19 7
39 47 1
45 49 8
25 47 7
15 4 6
7 27 1
37 46 1
24 28 6
4 27 5
12 0 1
18 41 1
21 19 6
11 39 3
45 35 7
8 39 5
28 14 8
41 5 9
4 39 7
13 14 2
14 16 5
41 48 3
28 38 1
47 40 8
15 1 5
14 23 6
27 22 3
18 36 9
24 37 5
46 10 3
10 8 1
28 22 6
27 9 3
1 13 7
44 7 4
3 47 3
40 21 5
29 47 8
8 35 2
48 14 7
24 40 1
44 18 4
25 16 4
19 47 3
33 21 6
36 31 4
20 2 5
39 4 5
40 48 7
6 4 5
39 49 8
44 21 3
7 38 1
3 21 4
49 3 3
35 0 8
9 37 6
22 24 5
35 42 7
30 19 6
43 19 3
47 7 4
36 49 2
24 45 3
25 42 1
20 30 4
35 14 4
40 9 8
5 37 8
32 31 6
17 15 1
21 10 1
48 8 3
39 35 8
23 9 7
47 24 8
26 36 8
0 14 3
39 33 8
14 49 9
20 1 3
12 22 8
46 37 7
36 6 2
41 25 7
24 32 9
37 12 9
38 8 5
29 48 6
9 35 4
44 31 4
21 28 1
48 49 3
44 9 5
4 29 4
29 45 6
29 37 9
45 34 9
14 12 8
7 2 2
0 8 5
14 5 9
19 4 3
11 9 7
10 26 2
45 19 5
10 19 7
5 40 7
44 40 4
7 28 8
22 15 6
27 20 9
25 11 8
36 0 1
36 25 1
28 21 3
13 12 5
14 13 4
45 42 2
1 43 5
41 17 7
45 38 9
22 9 5
49 33 3
30 39 3
6 40 2
8 38 8
25 44 9
24 39 5
30 12 2
39 0 6
38 5 8
7 26 9
45 24 3
11 34 7
25 13 6
33 29 6
31 42 2
35 46 2
28 49 4
39 46 1
26 37 7
29 35 7
7 4 3
37 33 7
3 2 1
41 0 3
25 37 8
4 1 2
38 2 7
28 30 1
15 43 3
30 20 3
9 21 6
44 34 1
33 22 5
33 43 6
40 1 8
28 24 1
5 0 8
3 34 4
44 20 5
47 46 6
26 20 4
12 7 7
19 26 4
44 2 9
39 45 5
24 5 7
40 15 4
3 41 6
9 40 6
6 5 9
23 6 3
5 16 6
0 20 7
1 47 3
14 46 7
24 44 5
15 48 8
25 49 8
13 19 8
50:1850