31 48 8
4 10 5
17 20 7
30 5 6
21 19 7
5 6 5
43 28 7
33 49 2
8 19 1
49 35 8
26 39 2
31 5 8
26 31 4
42 17 4
2 35 5
14 19 2
24 4 2
16 5 6
47 28 3
1 44 3
28 8 6
16 37 9
13 49 2
9 32 8
6 13 1
46 44 6
1 45 2
33 37 7
0 17 2
37 17 4
7 5 6
17 16 8
7 46 9
13 15 2
39 44 4
7 37 2
5 19 6
15 1 8
32 16 1
10 48 9
28 33 4
20 41 9
30 6 2
32 43 8
33 10 7
36 3 2
2 36 7
20 0 5
37 12 8
43 4 6
46 22 7
34 45 6
4 17 7
41 7 3
47 0 7
17 41 8
27 37 2
35 26 9
27 9 3
45 43 2
0 48 2
25 8 8
2 38 7
42 49 1
30 31 8
41 13 2
8 4 1
37 20 7
39 16 7
15 17 8
4 0 4
21 0 2
48 41 5
6 10 4
21 31 9
7 27 2
49 48 4
21 10 6
21 34 1
15 4 3
27 47 2
28 6 1
31 42 2
45 6 4
23 33 4
47 19 4
36 17 7
35 20 2
29 42 7
15 7 4
0 47 7
19 13 3
44 1 9
46 15 7
0 30 4
40 45 6
1 29 1
31 32 2
43 7 4
35 7 5
40 35 9
31 12 4
44 10 9
42 43 6
49 3 9
49 7 6
42 4 5
5 36 1
23 20 2
14 33 2
24 22 1
33 45 4
13 38 8
9 45 2
21 39 3
7 1 6
40 28 4
42 34 4
20 3 8
43 10 3
33 43 8
22 7 5
5 21 3
33 30 9
11 8 8
8 5 1
35 22 9
47 39 2
5 1 4
44 26 5
27 49 7
5 7 7
16 20 6
44 23 5
21 35 5
23 42 9
47 18 2
37 32 3
15 13 9
2 0 3
4 49 3
48 2 2
37 26 1
3 14 5
34 26 8
45 40 6
4 21 5
40 5 5
12 34 7
19 12 6
48 43 1
26 46 3
43 45 1
37 47 7
16 45 6
38 17 4
47 23 9
24 17 4
13 45 1
23 6 9
49 28 9
42 7 8
17 48 6
22 15 2
26 45 5
3 49 6
5 48 6
38 22 8
45 12 1
49 23 3
41 31 6
38 16 6
9 30 8
42 9 6
15 18 9
2 17 2
8 6 3
45 15 5
36 0 7
49 25 3
47 40 1
25 47 7
38 6 5
20 14 2
3 45 5
30 9 1
44 28 4
19 10 2
11 10 4
49 26 4
40 10 8
27 8 9
20 24 1
17 38 6
11 27 5
6 1 9
9 38 1
31 10 3
10 22 4
25 0 2
31 33 2
40 7 6
44 31 7
0 22 9
28 22 6
5 0 9
15 22 3
8 14 9
36 5 8
7 41 9
2 3 4
14 12 7
14 42 4
20 2 3
22 38 3
24 33 1
15 36 9
11 4 3
30 4 2
42 23 2
24 47 8
2 24 7
5 27 8
35 31 2
45 42 8
37 42 7
36 45 1
10 41 8
23 12 7
10 24 1
14 43 6
42 47 5
26 8 4
1 0 6
46 21 2
41 10 2
23 16 6
28 45 5
36 44 8
2 33 4
3 46 7
0 7 8
45 11 3
30 12 3
25 41 3
9 27 8
48 31 3
22 49 8
17 37 3
44 38 7
5 40 1
4 16 7
7 45 7
26 3 7
12 41 8
3 35 2
41 44 8
20 37 1
29 37 8
44 11 1
41 30 2
26 10 8
45 9 8
16 4 6
49 19 4
46 11 2
25 11 2
38 7 5
3 4 6
17 45 8
24 39 7
49 14 2
22 10 8
49 16 1
31 4 7
22 37 9
32 17 1
16 33 8
24 2 1
18 19 2
30 38 8
39 49 9
45 49 4
0 34 1
26 21 2
33 16 6
8 1 8
4 8 2
26 42 5
48 18 2
49 2 7
30 16 4
20 33 4
40 1 6
33 5 2
49 31 9
16 35 5
2 29 6
17 26 1
44 12 9
4 38 2
10 3 1
28 2 4
15 47 9
31 26 5
49 21 9
32 41 7
43 36 7
30 39 5
19 0 3
4 40 9
43 27 7
38 27 3
19 11 7
6 35 3
33 36 4
26 41 8
47 12 6
45 24 8
7 23 2
10 17 5
4 19 6
43 16 2
3 38 5
14 13 7
19 4 8
10 29 2
10 35 6
40 20 9
17 8 8
28 31 9
3 32 2
44 18 5
7 10 3
7 31 5
18 15 9
7 49 4
48 1 1
24 30 9
12 35 6
42 27 6
41 5 5
38 4 4
24 48 2
23 31 2
21 32 6
15 43 6
25 36 2
17 15 6
13 11 6
44 22 4
18 37 1
23 45 9
25 15 4
36 48 7
22 0 4
3 0 1
4 24 9
41 29 9
23 36 7
4 30 9
6 41 9
35 47 8
7 4 4
35 38 3
19 16 3
47 27 7
2 28 9
40 43 6
12 44 9
9 31 7
45 31 3
14 38 4
9 49 4
32 26 6
18 1 9
46 26 1
0 31 7
34 14 8
24 44 3
48 17 3
21 45 6
14 32 9
21 36 8
14 44 9
37 10 9
42 14 3
26 23 5
6 16 6
27 4 4
34 7 9
31 45 7
48 32 2
1 10 2
16 9 9
34 17 2
21 11 4
1 20 4
17 3 8
40 26 8
48 33 3
28 14 9
9 0 8
29 11 7
43 17 8
24 29 8
44 30 8
27 28 6
32 46 7
3 37 2
13 1 6
46 42 3
27 5 1
9 37 2
35 46 1
38 19 5
30 48 2
42 26 5
40 2 4
35 17 3
7 33 7
45 37 4
15 5 9
21 15 3
19 6 3
33 0 6
9 42 1
12 5 7
19 44 1
9 7 6
44 4 5
13 46 9
41 39 6
47 4 7
19 25 1
19 8 3
34 20 1
29 26 5
31 39 5
3 5 6
12 1 2
40 24 9
39 48 6
14 7 8
16 47 1
32 20 4
16 6 7
16 38 6
2 7 9
39 47 1
36 35 9
24 25 6
27 35 4
17 1 9
43 2 2
19 41 6
1 27 3
42 32 6
34 48 1
39 13 1
5 14 2
40 19 8
32 6 6
1 18 6
22 8 2
2 49 8
40 25 1
32 3 2
17 18 4
24 27 9
24 32 2
49 32 6
12 42 1
4 35 4
8 13 7
21 3 7
22 4 3
15 16 3
28 34 1
16 15 3
10 31 7
37 27 1
11 0 6
0 15 4
9 28 5
21 17 9
34 9 5
20 1 6
17 31 6
41 25 5
32 5 6
28 4 1
3 15 1
45 26 2
5 8 4
12 0 4
25 45 8
25 22 5
22 41 1
48 46 5
40 30 7
37 0 5
3 34 1
48 47 8
46 30 2
13 20 6
48 12 8
39 18 9
3 21 4
20 12 9
2 9 6
48 8 6
48 16 2
36 14 1
14 23 5
6 15 7
14 21 7
18 22 9
30 28 9
4 3 1
6 31 2
8 46 5
35 36 6
2 47 2
3 18 8
32 44 4
1 26 7
38 18 9
25 2 9
17 24 6
5 30 5
37 14 8
27 2 1
29 48 8
38 47 9
19 21 8
24 40 1
16 31 5
17 27 6
18 23 3
30 1 8
23 7 8
34 28 1
8 33 6
1 31 5
48 39 1
20 18 2
18 34 1
14 5 2
19 31 1
35 10 6
46 7 2
12 13 3
8 36 6
28 18 7
28 0 9
6 12 3
15 32 4
1 2 5
10 28 1
25 14 5
16 40 6
32 28 3
3 13 1
16 0 8
11 31 2
27 16 4
31 40 3
10 37 2
14 40 9
46 5 5
25 35 4
4 46 7
24 31 3
46 0 9
13 35 3
45 18 4
46 3 1
30 47 2
24 26 8
42 40 2
8 17 4
41 9 3
25 4 2
16 30 6
36 8 4
24 46 8
10 16 5
10 45 4
22 19 4
11 41 7
10 13 8
25 6 3
40 0 7
12 14 1
46 31 8
38 28 4
21 1 6
3 31 2
15 39 9
19 1 6
15 49 4
37 33 3
4 26 4
43 31 8
37 22 9
19 33 9
14 37 2
3 41 5
22 28 7
19 42 1
2 41 4
30 2 8
38 45 2
34 19 8
11 15 3
45 34 1
41 32 1
6 44 7
9 13 2
28 1 5
11 46 8
17 49 2
41 12 2
48 24 8
43 49 6
29 21 7
18 5 9
49 1 1
3 39 5
19 47 9
47 36 1
9 33 3
14 18 1
27 43 3
5 45 4
9 47 9
20 43 8
16 2 3
34 24 4
37 30 6
15 42 7
9 43 9
31 49 2
27 6 4
20 31 7
6 29 4
34 18 4
7 44 1
1 46 7
28 48 9
16 22 4
1 30 5
44 35 7
21 20 3
43 20 4
18 11 4
2 44 4
25 43 1
41 3 3
11 35 1
1 11 4
45 25 7
44 25 1
39 15 9
9 23 6
22 16 6
3 22 7
40 11 3
31 6 9
2 43 9
41 14 1
16 19 5
47 16 1
19 40 5
36 16 5
1 19 6
37 16 2
34 25 4
22 32 7
42 39 8
48 14 2
40 8 2
22 25 9
29 16 2
12 21 4
36 43 6
36 31 8
2 4 6
22 1 9
29 1 4
24 3 2
30 34 5
25 29 6
7 18 4
43 40 5
38 1 3
11 37 1
41 36 2
1 33 3
42 18 5
18 7 5
36 38 6
33 17 8
48 11 1
23 18 6
17 10 2
4 43 9
14 16 3
2 18 9
23 15 7
1 17 8
41 21 1
27 13 1
30 13 4
46 47 8
4 2 7
5 11 7
17 32 5
0 16 3
29 12 4
1 14 7
23 48 3
3 40 1
41 0 9
47 13 5
35 33 9
4 23 4
29 20 1
5 4 2
34 3 4
35 12 7
4 29 6
18 8 5
21 38 2
22 14 5
18 49 1
36 29 1
12 22 4
17 21 7
30 43 5
21 44 3
40 49 4
34 47 4
36 24 7
21 49 6
0 28 2
0 38 4
21 46 6
26 24 2
25 34 7
22 24 3
32 42 1
25 42 7
8 0 9
29 38 2
19 17 4
13 26 6
25 18 9
36 25 9
16 39 8
37 4 1
12 33 7
29 47 6
20 29 1
8 30 5
14 9 9
41 33 8
36 22 6
18 13 7
40 13 8
47 7 9
36 41 4
26 18 1
48 4 9
23 17 7
22 20 9
36 10 5
16 11 5
45 4 2
39 1 7
10 30 3
17 30 5
39 19 7
11 6 4
28 23 8
42 28 7
46 23 8
28 10 5
11 20 4
18 30 8
5 39 5
34 2 5
5 16 8
6 49 6
42 12 7
39 7 9
34 31 8
15 33 5
3 2 7
50:800