18 17 5
2 24 6
7 14 9
1 6 5
15 0 5
1 15 1
25 13 3
14 13 8
26 24 7
19 21 4
15 24 5
28 22 1
12 24 7
24 3 6
16 0 3
16 12 2
8 19 5
28 5 8
8 0 2
27 6 6
24 15 9
23 26 8
29 2 7
0 26 7
15 11 9
2 16 2
10 26 3
8 16 5
22 25 2
9 13 2
3 12 4
26 15 7
6 11 6
9 4 8
29 11 7
24 12 7
18 16 1
11 15 5
17 11 1
18 14 5
18 13 9
22 6 5
26 21 9
1 13 4
19 27 9
21 4 7
19 15 5
25 12 6
10 9 6
9 25 3
23 4 8
5 15 7
5 1 9
20 11 7
5 7 2
19 5 3
27 10 3
22 26 3
29 25 5
21 6 7
18 29 4
4 10 2
12 4 4
20 0 3
9 29 6
27 24 3
23 8 3
6 13 6
19 17 7
24 20 4
12 3 5
15 21 8
7 26 3
9 6 7
1 23 4
14 11 2
11 1 9
21 26 2
29 21 6
20 15 5
21 17 5
4 28 1
5 24 8
7 19 3
13 24 1
5 4 2
28 14 5
24 8 3
6 9 6
1 8 9
3 6 2
25 8 7
4 0 8
17 25 6
25 1 8
1 14 3
0 2 4
18 5 3
7 11 1
16 14 5
29 7 1
6 14 3
3 7 8
0 20 6
24 0 9
1 4 6
7 28 3
27 29 1
20 19 9
21 2 4
28 18 3
28 27 9
21 27 8
4 2 8
23 12 7
19 1 3
19 18 8
6 24 9
13 17 5
26 2 5
12 21 8
16 5 2
16 11 4
5 26 2
26 20 6
25 3 6
13 20 8
25 16 6
13 16 5
10 4 5
22 3 5
5 17 3
18 10 6
4 3 2
8 15 3
24 18 8
10 29 2
5 21 8
23 28 9
15 27 4
29 12 2
9 15 1
26 23 1
3 25 1
23 14 7
16 18 6
12 10 3
28 19 5
9 23 1
10 20 8
11 22 7
4 17 8
10 6 5
26 22 7
19 4 6
8 12 8
2 8 8
28 29 8
5 20 1
9 17 3
22 24 4
9 21 3
1 20 9
22 11 8
20 7 6
8 3 2
17 14 5
1 18 4
19 0 4
3 8 6
7 29 9
17 8 1
22 0 3
2 15 7
13 4 7
18 22 8
6 17 3
14 10 4
27 16 4
24 11 6
29 0 3
17 24 6
13 5 8
4 27 4
6 3 3
19 20 7
4 18 4
19 25 2
13 15 5
22 20 1
17 6 6
7 1 9
2 1 7
3 9 8
21 14 9
4 15 5
9 10 7
20 14 6
6 22 9
17 19 2
10 22 6
15 18 5
24 21 4
27 7 6
8 7 6
14 20 3
20 16 8
27 21 8
10 1 7
28 20 7
25 21 5
24 13 7
6 23 6
11 28 9
29 26 6
22 9 5
18 11 2
13 29 5
12 25 2
9 16 5
21 19 7
5 8 4
26 4 5
15 12 1
13 10 2
14 15 7
15 25 9
14 24 6
14 7 4
15 29 5
22 18 3
29 27 8
1 27 7
22 12 4
7 18 4
23 13 8
16 24 9
9 8 1
16 9 1
8 25 6
24 23 2
1 24 2
27 14 3
13 22 8
18 2 3
27 18 1
16 8 2
3 16 3
5 12 4
27 26 9
0 17 7
4 26 8
11 10 7
16 13 1
26 9 2
25 26 2
15 20 2
13 9 6
14 6 5
27 25 7
20 13 3
9 11 7
0 15 2
26 0 5
23 9 6
14 23 1
11 2 6
26 10 7
26 11 6
18 12 1
19 7 4
11 16 7
23 27 5
25 17 2
25 4 5
14 12 9
13 27 3
17 1 6
16 19 2
27 2 6
0 28 4
0 24 4
3 0 4
0 13 1
12 19 9
6 12 9
13 18 1
19 11 2
18 23 1
29 18 9
25 22 4
24 22 9
11 21 3
24 10 9
15 6 7
0 1 2
21 10 4
29 10 9
5 29 1
14 21 4
28 0 2
17 3 9
25 27 1
21 11 9
11 0 1
23 21 2
7 15 3
4 19 2
25 29 3
28 17 6
20 17 5
4 22 7
6 25 1
26 29 9
6 26 3
24 27 6
9 5 6
14 1 5
20 23 3
27 8 9
24 9 3
0 7 8
0 19 2
10 3 5
24 4 6
22 13 2
2 6 3
20 1 5
8 11 6
1 5 1
12 27 2
18 3 6
29 16 5
14 29 8
12 2 3
19 24 8
6 20 2
10 17 7
25 20 1
13 1 9
1 22 7
28 12 7
29 17 7
28 26 2
27 9 5
12 17 3
3 28 2
24 2 9
19 14 6
11 23 4
13 7 2
18 24 5
28 8 3
8 9 5
22 23 6
29 8 6
14 27 3
5 6 5
18 1 8
25 10 8
17 27 1
21 23 4
7 16 4
20 24 2
24 25 9
23 19 3
29 9 2
3 5 1
15 10 7
18 20 3
2 18 7
18 9 5
3 19 7
11 9 3
13 3 6
2 9 5
25 2 9
11 12 8
12 8 8
7 25 4
16 2 7
17 5 8
7 27 6
6 5 4
8 29 3
23 24 3
26 6 8
0 22 1
4 7 1
3 2 8
3 14 7
5 16 5
7 24 6
14 4 7
27 12 3
2 7 4
28 1 8
8 2 3
5 2 9
1 21 6
20 21 7
16 28 9
4 5 9
28 16 2
29 4 6
0 27 7
4 12 6
18 15 5
11 5 6
16 26 4
28 10 4
1 19 7
23 5 5
22 16 2
22 27 6
20 2 9
14 22 1
3 26 9
2 28 2
27 3 5
0 4 1
14 16 6
11 27 9
17 13 8
7 12 1
24 1 8
28 21 8
7 8 1
21 16 4
5 28 2
12 14 8
2 4 8
17 7 7
16 15 6
6 21 9
10 14 9
25 6 5
18 7 7
2 22 3
28 4 9
0 10 7
9 28 6
16 7 9
11 14 9
0 6 2
3 1 1
18 8 9
11 20 6
9 20 8
1 12 9
26 25 6
6 2 9
25 24 6
25 11 1
12 26 6
4 9 6
26 17 9
0 8 1
6 29 3
23 2 1
8 22 9
26 14 3
12 18 3
11 7 9
0 9 4
24 19 1
9 12 2
8 18 6
27 22 8
24 17 8
29 1 2
10 25 6
22 14 6
25 0 4
18 4 7
29 24 8
3 18 6
16 6 2
15 16 1
28 13 6
2 0 5
28 24 2
28 6 9
9 14 4
26 1 9
17 29 3
26 28 1
7 22 7
10 16 6
20 28 2
21 25 6
14 25 1
9 0 3
6 16 5
14 3 4
16 29 6
20 6 6
28 15 7
3 27 6
3 21 1
22 4 7
29 20 9
11 6 3
3 22 8
19 28 7
3 15 1
8 10 1
9 18 4
21 7 8
25 15 6
7 23 1
28 3 2
11 29 2
2 14 7
5 19 2
5 18 7
7 17 9
0 18 4
3 20 9
24 6 7
15 4 4
14 2 2
20 10 3
5 25 3
11 25 3
15 28 3
19 12 3
7 5 9
21 0 1
20 5 2
9 1 8
5 11 3
3 29 8
0 5 4
26 8 2
4 21 8
10 21 2
14 8 8
10 28 7
1 16 6
29 28 9
0 23 9
22 10 1
22 2 8
6 8 7
23 20 9
15 9 7
20 3 6
7 2 5
29 6 9
9 2 7
10 13 2
14 26 6
12 0 3
20 29 1
18 6 3
22 7 7
21 18 6
30:558