8 18 7
7 14 2
1 4 5
3 17 8
1 2 7
17 11 8
4 7 2
3 0 2
9 13 8
0 4 6
19 18 1
2 14 2
1 10 8
1 16 5
11 14 9
17 3 1
1 8 2
6 9 1
1 17 5
9 4 8
4 18 8
10 5 6
6 7 5
8 7 6
18 19 4
7 9 7
9 14 5
7 0 1
4 17 7
6 19 5
8 11 8
1 18 2
5 14 5
12 13 9
15 9 3
6 14 4
19 16 9
15 0 5
1 13 4
9 8 9
10 11 7
18 12 9
8 14 6
14 5 6
8 6 4
8 17 2
14 1 3
3 9 6
5 4 2
15 1 8
9 0 6
3 12 7
0 14 6
2 10 4
8 2 1
4 0 6
9 2 4
8 1 6
7 10 4
4 3 8
17 10 1
10 19 5
18 11 3
15 12 1
15 18 9
13 9 6
3 4 2
2 1 1
13 15 6
8 19 9
18 0 3
4 19 2
0 10 4
13 18 5
19 11 7
2 11 5
10 2 6
12 6 1
3 10 8
10 17 7
3 14 4
18 16 1
7 1 6
4 16 2
18 4 2
19 1 4
10 0 4
14 0 3
0 19 1
2 16 1
16 17 7
9 10 4
15 2 5
16 1 7
19 5 6
18 7 8
16 9 9
5 0 5
14 2 4
13 4 2
13 1 4
4 5 2
7 18 1
16 10 1
7 4 6
19 9 4
16 13 1
5 16 4
10 15 1
13 17 1
0 6 2
3 15 7
17 6 9
5 1 6
9 17 4
17 5 9
14 11 2
5 8 3
18 14 7
13 3 1
6 12 4
1 19 6
3 13 5
17 18 5
12 4 1
11 10 3
17 7 9
4 10 3
0 9 1
12 10 5
12 16 6
14 17 6
6 5 6
11 2 7
13 0 6
4 15 7
13 12 2
6 16 5
13 11 6
17 9 1
9 15 6
18 15 9
15 5 3
5 7 7
18 5 2
15 10 9
16 3 5
12 11 3
3 11 3
16 5 9
3 2 7
6 1 7
6 13 6
10 1 5
5 19 5
15 16 1
11 6 9
15 14 2
3 18 8
13 8 3
4 6 4
8 0 6
18 13 9
11 5 2
17 16 9
15 8 4
4 8 4
11 4 3
7 13 6
7 15 6
4 2 2
16 8 8
14 13 7
9 6 2
0 18 9
1 7 9
20:176