11 43 6
16 31 6
31 26 7
33 31 7
32 34 3
46 44 5
10 27 8
3 43 6
4 27 2
26 24 5
35 18 2
40 39 2
38 45 9
44 1 5
44 19 5
20 28 3
20 39 5
31 9 8
9 2 5
9 43 5
14 42 4
12 15 4
0 16 8
30 47 4
27 37 2
45 25 1
13 23 3
38 24 1
13 30 7
40 17 6
31 48 7
1 16 8
23 42 6
37 31 3
39 47 8
28 23 8
40 37 6
23 29 6
27 35 5
47 30 8
6 29 8
14 29 3
44 4 4
9 26 1
10 12 3
28 45 2
22 4 6
27 34 6
40 19 5
43 5 1
15 39 8
30 29 8
40 43 1
6 5 5
48 23 9
35 20 2
6 31 4
30 40 9
48 32 6
44 26 9
11 7 3
21 32 5
6 19 6
7 1 7
0 27 6
13 21 8
43 6 9
30 5 5
12 23 7
29 46 2
7 29 5
42 40 9
31 13 6
13 31 5
48 47 3
19 29 8
26 13 6
36 43 5
16 39 4
9 46 7
38 9 9
44 49 3
11 31 5
44 35 8
40 10 3
19 11 2
33 28 9
30 43 1
49 2 2
23 12 3
32 30 1
17 8 4
3 23 7
37 41 5
22 49 6
37 13 4
24 43 2
26 14 2
18 42 7
36 27 3
37 32 4
17 2 6
32 23 2
40 41 6
49 24 1
38 36 1
39 2 9
28 25 3
35 15 1
29 33 1
21 25 8
41 30 1
23 33 4
46 26 2
32 47 4
32 48 9
47 46 3
28 27 1
11 25 1
20 11 7
1 40 8
25 41 1
32 28 9
5 15 5
14 48 9
22 28 5
9 13 2
43 39 4
4 20 2
48 21 7
13 29 5
7 12 3
35 22 2
42 21 3
15 23 1
14 1 2
6 35 5
46 3 4
32 44 2
8 25 7
15 13 4
7 47 9
9 39 6
36 2 3
23 47 9
39 28 4
22 47 2
11 39 5
28 32 9
5 21 3
35 28 7
14 13 3
4 38 1
39 19 8
44 37 1
23 1 9
2 0 7
7 9 7
11 22 6
41 45 8
46 41 1
33 25 7
5 17 6
45 19 5
9 8 5
43 22 9
20 19 6
49 35 8
40 11 7
45 14 3
41 6 1
30 23 6
6 8 3
3 13 9
1 39 6
42 1 6
23 10 6
26 21 4
21 17 4
23 31 2
9 48 9
4 1 9
14 43 4
19 4 8
7 31 2
26 0 4
10 47 8
20 38 2
36 16 1
3 25 3
37 47 4
38 20 9
14 38 4
33 41 3
42 0 2
3 16 3
49 17 9
23 19 9
30 22 2
21 44 4
12 7 6
27 11 4
22 26 2
45 17 5
4 9 5
7 3 4
7 39 1
3 7 4
32 45 9
36 14 4
14 23 8
21 0 1
33 38 4
16 25 8
10 3 4
32 40 8
12 46 3
33 19 3
24 28 4
17 4 6
45 12 9
26 8 2
45 29 5
8 32 6
5 0 2
23 16 5
6 28 6
3 35 4
31 36 7
33 16 1
31 18 3
18 30 4
30 37 9
6 32 3
15 20 4
26 37 1
33 15 3
0 29 2
47 24 5
27 43 2
30 13 7
29 14 4
49 16 2
22 41 4
33 2 5
30 35 6
20 14 6
2 46 1
14 41 2
2 12 5
10 20 6
22 15 7
3 15 1
19 46 6
48 3 2
38 16 8
13 24 8
9 15 7
36 49 4
0 13 6
29 23 4
18 19 1
10 31 2
28 40 3
30 33 4
28 30 8
43 2 9
6 4 6
2 28 1
6 18 6
21 28 9
9 4 1
45 10 6
33 24 3
24 33 3
38 48 9
21 34 4
42 39 5
49 26 8
44 47 5
17 15 3
4 30 2
4 36 7
38 2 5
33 17 5
37 44 5
45 22 1
9 18 7
26 48 3
19 12 1
21 15 5
33 18 8
7 26 2
7 28 8
19 16 3
36 0 7
46 48 6
18 1 8
16 19 1
28 33 7
37 19 4
24 31 5
9 14 6
33 8 1
44 10 5
28 43 8
44 24 4
16 30 3
30 20 8
40 18 7
43 28 8
35 0 4
19 8 2
15 22 8
25 33 8
31 19 1
39 23 3
13 42 9
42 20 3
24 13 3
2 32 1
5 9 9
21 5 7
5 40 3
15 28 1
28 0 9
24 5 8
39 7 7
1 0 6
13 2 5
13 45 4
43 49 2
27 14 8
29 10 3
10 40 6
12 21 7
25 30 2
38 35 2
23 44 1
31 21 1
42 26 3
47 8 8
31 30 3
9 44 7
35 27 4
0 18 6
36 7 3
49 38 4
16 15 1
7 37 6
31 47 8
16 1 5
40 48 7
25 10 2
17 22 9
2 30 8
30 10 7
42 29 4
11 35 1
1 17 8
29 43 8
44 25 8
11 2 9
5 41 5
35 6 3
29 6 7
31 33 9
18 49 5
9 20 8
40 3 7
27 25 4
10 34 4
49 22 9
2 48 7
30 28 1
39 49 6
12 48 3
33 30 9
20 9 7
8 11 8
9 23 6
46 1 7
12 36 6
38 34 8
8 15 2
38 7 5
4 8 2
18 45 2
29 35 1
47 38 6
2 10 9
12 27 4
24 38 7
15 40 7
41 2 1
34 6 5
46 9 5
38 41 9
6 48 9
6 16 9
38 42 1
30 21 2
45 48 2
39 34 9
32 31 9
7 24 1
17 25 1
18 8 1
21 37 3
1 33 1
4 12 8
11 32 4
36 47 9
19 32 5
45 21 7
35 11 5
49 48 2
7 49 3
14 46 6
37 34 6
2 4 4
18 44 9
48 11 7
3 46 3
0 19 3
47 41 3
5 18 6
19 37 6
40 34 7
36 39 5
8 45 8
46 34 8
36 10 8
13 9 1
8 48 5
21 41 3
11 20 7
48 26 7
11 19 3
32 46 6
23 46 3
9 0 6
40 22 3
9 10 6
19 5 7
43 0 6
20 18 1
2 43 4
3 32 1
31 2 7
25 6 6
20 0 7
15 3 8
29 24 6
22 13 2
18 15 1
49 6 4
30 32 1
6 44 9
43 12 6
17 0 7
22 0 2
9 35 5
19 17 2
6 17 7
34 41 8
34 43 6
4 22 3
25 14 3
21 16 3
15 17 7
32 14 8
7 13 8
49 31 9
13 32 5
19 43 7
14 31 9
31 49 4
38 32 1
22 45 7
42 46 9
43 21 3
1 25 9
6 33 9
0 26 1
41 37 2
10 4 7
49 1 8
33 13 5
24 7 1
14 26 7
37 35 6
11 1 1
17 41 7
23 26 3
4 43 9
38 43 8
45 31 8
1 38 1
15 1 4
41 31 4
38 13 7
37 6 6
39 22 2
41 25 9
45 28 5
35 2 2
24 49 3
38 21 6
7 19 6
13 0 7
22 20 7
39 26 6
4 34 5
23 25 7
11 16 2
24 26 8
20 34 2
1 34 6
42 41 1
35 24 4
17 28 7
48 7 4
2 24 8
15 10 7
39 17 6
49 20 2
39 21 7
38 49 3
23 13 4
42 4 2
27 49 4
48 2 1
31 34 5
41 47 5
44 0 3
5 11 5
39 33 6
0 10 8
10 32 2
1 26 9
39 40 7
43 33 5
24 22 1
47 37 2
48 25 4
23 37 1
48 12 5
16 33 8
11 10 7
4 3 3
37 10 6
24 10 2
23 17 8
36 8 8
24 1 1
26 2 9
39 6 9
46 0 9
30 2 8
37 8 6
11 48 5
44 9 5
46 33 5
11 18 3
35 45 3
36 45 1
20 3 3
24 16 7
28 46 9
34 48 5
32 16 1
48 43 4
49 10 3
2 9 6
20 13 5
4 26 4
29 32 3
47 29 5
43 20 5
23 30 5
17 30 3
34 46 4
36 28 2
49 21 1
20 49 9
39 30 7
4 6 2
13 49 3
12 38 2
26 46 9
33 4 1
13 4 3
32 38 7
40 21 7
4 46 7
34 30 2
36 34 3
42 12 4
6 38 6
45 9 4
29 28 6
12 11 2
42 24 8
45 37 2
44 23 5
34 29 5
40 42 7
47 18 9
25 1 2
45 3 1
8 29 9
39 48 8
34 2 7
5 27 9
24 46 7
15 44 1
9 49 2
11 28 7
40 47 1
0 40 8
25 34 4
14 25 3
24 34 5
28 9 5
27 24 5
13 38 2
33 36 5
48 4 2
25 42 5
6 34 6
35 1 6
22 18 9
1 9 3
0 39 9
34 22 6
1 47 9
3 5 7
5 26 6
16 17 5
14 30 5
34 35 7
41 43 8
42 6 8
10 42 9
20 42 3
30 36 1
11 37 9
43 44 1
32 42 2
50:650