25 9 9
28 20 6
4 34 8
37 15 8
4 3 5
10 21 5
28 24 3
30 17 1
3 39 4
30 14 7
13 0 7
29 9 9
2 27 5
15 0 3
22 9 3
29 13 3
12 37 7
16 36 3
14 3 3
23 25 6
1 8 9
37 12 1
21 12 7
35 8 2
18 9 6
26 11 3
10 5 6
5 22 5
6 23 3
27 29 5
5 3 3
18 35 7
19 33 8
36 8 9
21 9 2
3 26 4
26 4 4
20 2 1
9 12 5
22 19 9
25 35 2
29 20 4
35 12 9
24 5 9
21 22 6
11 30 4
30 15 9
25 18 7
2 29 7
33 10 7
9 16 9
12 31 9
24 3 9
17 31 5
27 25 6
5 33 5
5 28 6
18 27 2
14 32 6
19 24 8
15 14 5
25 24 6
5 21 3
5 23 6
0 19 9
35 7 7
39 2 6
7 33 9
26 13 7
30 39 4
28 17 4
12 5 4
11 25 2
21 38 4
28 9 4
26 3 8
24 28 5
37 25 3
11 5 4
2 24 7
4 9 8
20 3 6
16 14 7
14 15 4
1 29 8
8 34 3
30 13 1
26 9 4
27 35 3
34 27 4
11 37 1
26 7 8
22 0 6
28 16 7
1 14 5
36 33 5
21 5 2
4 7 3
3 22 7
15 13 7
35 24 1
29 16 9
22 3 8
39 26 1
28 8 4
22 17 4
24 11 2
11 36 6
34 37 8
31 23 5
22 23 6
22 10 7
4 31 3
1 35 8
36 15 3
6 11 4
17 30 9
10 27 4
27 22 3
1 23 8
1 30 9
12 34 8
21 6 9
7 14 4
16 11 3
37 9 1
18 26 2
35 11 8
31 28 9
24 33 2
11 18 2
20 0 7
1 32 5
4 35 6
28 3 1
6 16 8
24 6 8
8 1 5
16 29 8
1 21 7
10 14 4
25 3 5
36 3 8
39 28 4
31 38 6
29 2 7
32 10 1
32 38 2
30 35 8
9 0 7
34 20 3
17 9 1
16 6 5
13 16 3
25 6 6
34 21 3
4 15 5
27 15 1
31 33 8
22 27 4
32 6 3
11 15 5
4 18 9
4 28 1
30 27 1
33 18 1
37 0 8
3 35 3
12 22 9
34 25 7
7 10 7
18 14 2
9 3 7
34 11 3
31 21 8
10 1 6
29 32 8
22 34 6
24 25 5
3 12 6
38 16 5
12 24 4
31 9 5
11 0 3
12 38 1
27 10 4
16 31 3
37 39 7
34 2 7
15 6 1
22 35 5
19 2 7
19 36 4
36 25 9
0 23 3
31 15 7
9 7 3
16 12 9
14 6 8
21 15 1
24 34 2
32 9 9
19 13 9
23 12 6
12 25 6
18 39 8
15 21 5
8 15 3
11 14 6
39 4 1
36 17 2
37 36 1
24 12 5
28 1 1
24 35 3
2 30 8
33 38 1
4 21 3
10 38 2
17 32 6
1 33 9
4 36 3
31 11 4
21 1 4
36 2 8
24 27 5
3 32 6
33 2 8
16 1 1
3 1 9
3 9 9
8 36 2
39 34 5
20 36 2
36 31 1
20 26 8
20 22 4
34 31 8
33 7 5
20 24 3
20 33 6
7 17 4
22 15 2
34 7 2
39 29 3
34 26 9
15 28 9
5 27 6
29 19 8
23 14 4
33 3 8
32 33 9
34 6 4
14 35 7
26 34 1
25 38 1
2 26 3
39 5 7
1 2 5
35 1 5
35 22 5
25 29 5
34 5 8
31 1 9
18 38 4
8 18 7
1 15 4
21 35 5
15 22 7
38 29 1
2 25 5
24 19 2
38 15 8
33 4 9
13 32 5
20 38 8
36 21 7
12 3 6
38 14 3
14 9 1
18 32 6
5 10 8
39 24 9
11 1 4
13 38 3
10 3 7
38 6 6
20 16 1
25 2 1
39 32 1
26 21 4
22 33 7
24 30 6
6 33 9
37 17 8
30 34 5
19 26 6
2 9 3
28 7 3
36 4 4
8 24 6
26 23 5
0 9 8
37 1 2
16 20 4
32 1 5
3 37 7
8 10 6
13 18 8
21 7 2
21 36 5
10 20 3
4 8 1
23 10 1
36 34 7
3 29 3
1 22 3
14 29 9
17 1 8
11 26 3
3 36 6
20 8 3
14 26 4
29 11 7
16 4 9
4 0 9
31 39 4
20 13 6
14 21 3
32 37 5
15 16 1
3 8 4
31 17 8
16 28 4
19 16 1
2 22 6
19 5 1
7 19 6
5 26 5
19 37 8
22 36 1
5 0 5
38 4 5
11 38 9
30 7 6
34 14 7
0 30 5
24 14 6
38 11 2
32 15 6
14 39 2
6 3 6
37 8 6
13 12 1
34 35 3
4 13 9
38 30 8
24 39 6
13 15 5
37 35 1
29 15 4
16 0 5
21 8 9
22 18 4
19 4 7
12 11 3
34 33 2
31 32 8
7 6 8
26 36 3
8 31 9
32 26 4
2 6 3
5 38 2
2 7 9
38 22 9
18 0 9
22 24 6
7 20 9
10 22 8
19 22 1
14 25 9
1 19 6
20 35 7
35 25 5
18 15 8
14 8 8
16 25 2
38 28 2
37 2 9
30 3 6
30 21 2
13 35 8
11 35 5
8 19 1
0 16 3
10 12 8
15 31 4
32 12 9
11 2 4
10 32 7
18 23 1
25 31 7
12 7 7
30 26 7
0 5 3
19 15 8
20 17 5
4 33 2
39 31 6
4 38 2
9 5 7
24 2 2
38 13 5
24 17 8
2 32 2
5 14 9
22 16 2
38 10 2
22 28 4
12 21 8
0 37 1
32 17 9
19 27 2
28 38 3
19 34 5
5 30 6
23 4 7
30 28 7
37 6 4
7 30 7
26 8 8
19 39 4
5 2 9
39 20 4
6 31 4
21 14 9
25 30 5
2 31 8
23 30 4
33 12 4
0 2 5
31 19 7
23 34 5
4 27 1
13 34 5
24 38 7
27 3 1
9 34 6
38 21 9
19 11 6
13 31 5
31 6 2
33 25 8
2 3 9
36 35 2
12 27 2
3 7 8
35 14 4
30 33 6
37 26 6
16 21 1
27 19 5
23 28 7
27 23 8
6 5 1
13 10 7
26 28 2
23 13 2
22 7 2
39 23 3
30 8 1
32 34 2
32 35 4
0 17 5
22 30 9
33 14 5
16 19 1
1 38 5
35 27 6
29 22 7
15 26 9
25 4 5
18 5 2
10 17 2
23 7 3
22 20 5
1 18 8
10 19 7
7 38 5
19 30 1
38 18 7
5 1 3
17 4 5
35 28 7
33 37 7
2 10 4
6 25 6
25 39 7
27 0 8
36 10 3
26 25 7
5 16 8
28 15 2
2 15 1
3 4 2
9 37 7
13 7 4
34 19 9
38 19 1
24 1 2
7 37 1
12 0 8
9 22 2
28 10 5
28 32 2
30 9 6
7 34 8
15 17 9
35 3 5
10 23 6
6 28 7
39 18 5
4 1 6
12 2 8
8 16 5
11 24 8
16 13 9
18 10 9
32 0 9
39 12 8
33 1 8
6 14 8
0 38 6
33 32 3
36 14 7
4 6 5
3 13 9
33 6 5
28 21 2
33 39 5
1 26 5
17 13 7
20 39 8
27 28 9
28 31 9
28 2 7
20 4 2
15 1 2
6 15 8
37 4 4
20 31 1
35 34 6
27 14 5
9 20 1
20 34 1
34 28 3
37 28 5
8 12 5
32 31 2
38 39 3
1 34 3
17 39 1
18 25 3
1 25 4
20 19 4
38 32 8
36 29 1
23 24 5
34 18 3
5 34 7
6 7 6
4 20 9
3 28 6
9 39 7
6 12 7
32 8 2
11 9 7
16 8 6
9 24 2
35 26 9
17 38 1
18 2 3
36 12 1
31 16 6
7 25 2
21 39 9
13 6 3
24 37 2
28 30 8
17 26 9
23 18 5
33 5 8
29 37 1
27 16 3
0 39 7
35 0 1
39 0 3
31 7 9
25 27 9
17 21 1
0 29 7
22 6 4
39 15 5
36 38 7
21 10 4
37 33 2
39 16 1
36 16 2
33 11 7
15 2 4
25 5 2
17 36 3
27 39 7
33 29 4
9 6 9
6 35 1
2 14 6
38 12 8
7 15 4
29 10 7
36 11 9
11 13 9
23 2 7
12 23 4
8 9 5
21 31 2
8 39 9
18 4 1
9 19 7
34 13 4
32 2 5
6 2 5
16 18 6
21 17 7
22 4 4
28 39 4
9 36 9
10 6 5
3 21 7
7 4 5
31 13 4
33 8 9
6 19 8
27 6 8
23 32 3
38 17 4
24 26 8
28 27 7
31 0 6
25 10 5
2 19 8
1 3 6
29 0 6
12 29 7
33 28 4
32 21 6
31 10 9
14 23 7
16 22 6
39 30 8
15 39 6
1 12 7
3 14 2
13 8 7
37 21 6
11 17 9
2 12 4
6 29 8
30 23 1
9 10 4
23 27 1
36 20 2
14 34 2
28 12 8
1 13 6
26 17 5
22 13 9
27 31 1
29 3 5
9 38 2
16 24 6
20 6 4
7 21 8
38 8 9
7 12 7
21 34 5
30 31 4
20 11 9
13 2 6
15 18 2
31 18 8
14 27 3
20 7 7
6 39 9
1 17 5
26 31 1
37 29 9
9 1 2
3 0 2
17 29 2
8 17 2
39 8 3
28 23 7
40:704