8 17 4
3 10 6
11 15 2
15 3 4
13 11 8
17 1 2
11 2 1
18 0 5
5 15 5
11 5 3
0 7 4
7 3 1
19 9 4
7 17 4
17 12 9
16 1 7
14 16 8
1 13 6
0 13 4
4 10 4
4 12 3
0 14 3
10 5 1
10 19 9
2 18 8
4 18 9
13 9 6
8 5 8
8 0 4
1 12 2
11 12 3
19 16 6
10 0 4
19 1 2
12 17 6
12 14 6
16 14 1
4 8 4
19 7 1
10 14 2
9 10 9
19 5 6
15 6 4
10 6 3
14 2 4
11 16 4
12 5 4
10 4 8
8 14 6
5 0 1
1 3 9
11 19 7
10 9 6
5 11 6
17 18 9
2 1 1
0 10 6
18 16 9
0 12 1
14 19 2
16 15 7
7 16 4
2 6 6
18 19 5
1 16 6
14 7 5
11 9 5
13 3 9
14 6 4
16 0 6
6 11 1
16 2 7
0 8 4
17 4 7
6 10 1
6 12 5
2 8 1
12 10 4
0 1 5
16 12 6
9 18 3
2 17 5
11 14 4
5 6 3
17 10 9
6 9 4
13 7 6
8 10 3
8 4 8
14 8 3
3 1 5
9 2 4
9 16 8
1 10 8
13 5 5
11 13 2
8 18 5
7 19 8
4 16 6
1 15 2
10 8 5
15 17 3
19 3 3
3 15 7
3 0 3
15 8 2
0 2 8
4 6 4
4 2 2
9 5 1
5 16 1
15 9 7
16 10 3
9 6 6
5 2 9
17 2 3
0 16 9
15 16 5
12 7 5
7 13 1
16 5 3
1 7 3
9 19 3
8 15 5
15 19 5
14 0 1
18 2 8
7 15 1
15 18 4
18 4 3
4 9 3
0 3 1
9 13 2
2 7 1
16 8 9
5 18 7
4 17 9
13 8 8
10 3 1
1 18 9
5 7 1
6 13 5
19 14 3
16 4 4
9 11 1
14 5 8
14 13 3
2 14 7
3 5 9
6 4 8
15 1 5
16 11 4
0 17 6
10 12 8
18 9 7
16 7 5
12 3 6
13 1 5
13 17 5
7 5 3
5 17 8
14 12 8
8 16 6
2 9 5
3 6 1
5 8 7
9 7 4
13 14 8
11 4 1
11 7 8
3 16 3
13 2 9
18 1 5
13 18 9
15 2 4
19 11 8
2 5 3
18 7 2
3 7 6
12 13 9
4 3 5
18 14 7
10 17 2
8 6 9
7 4 8
1 6 3
6 3 7
14 3 6
19 18 8
9 12 4
3 2 6
19 8 5
6 7 1
1 9 6
3 13 5
13 6 6
12 6 8
5 14 9
15 12 5
19 4 1
11 6 4
12 4 8
12 0 9
7 11 5
9 3 1
8 11 1
6 1 4
11 8 8
14 4 5
13 12 3
6 18 4
5 10 7
0 5 8
2 3 2
13 16 7
2 19 1
7 2 4
10 1 6
1 17 4
15 13 6
12 9 5
15 0 3
14 1 3
16 9 1
20:224