28 18 9
6 18 2
17 27 5
7 17 7
17 23 8
2 0 7
1 3 1
15 16 8
29 14 8
1 10 6
1 19 7
26 12 5
6 29 1
22 13 3
15 0 9
3 20 5
20 16 3
8 7 2
22 24 3
12 21 1
12 26 2
22 1 2
9 29 5
15 1 6
9 15 9
21 26 2
3 0 6
4 8 3
14 18 3
27 4 3
11 14 7
24 29 2
14 24 9
2 4 1
0 9 7
19 14 5
28 27 9
6 2 3
28 23 8
0 22 7
2 12 7
13 8 2
17 28 3
11 12 7
0 17 2
14 25 9
15 21 4
15 29 3
24 27 6
20 23 7
23 3 6
11 4 7
1 0 6
11 3 1
4 26 3
1 21 3
0 2 1
18 17 1
15 24 6
5 11 1
25 20 9
1 9 1
11 22 2
13 27 4
29 25 1
28 16 1
12 16 7
19 4 6
25 19 9
3 21 6
12 0 1
13 10 6
3 11 5
4 0 4
24 1 2
27 15 2
27 1 2
12 10 1
22 27 7
11 23 7
23 7 2
25 11 7
25 16 8
2 15 8
4 25 1
11 18 9
13 0 2
20 18 4
8 15 1
7 26 9
13 26 7
7 28 9
26 18 3
19 9 2
26 25 1
18 1 1
17 21 3
28 10 8
5 14 1
13 20 1
6 1 8
16 28 6
5 20 6
14 11 9
8 10 5
6 5 1
14 3 7
14 20 5
2 20 6
26 7 6
9 2 1
6 3 6
21 12 8
5 6 1
8 25 7
7 14 1
5 16 9
18 21 1
21 27 6
19 6 4
27 13 3
10 7 3
16 5 9
27 23 2
13 12 6
27 26 3
25 2 2
6 7 7
25 29 1
17 25 5
27 5 6
20 11 1
10 3 7
15 22 3
10 18 3
13 15 8
27 19 6
4 14 8
23 12 2
4 16 1
3 16 6
1 5 9
20 7 5
6 20 8
2 25 1
5 29 2
14 2 9
20 26 3
25 7 6
0 12 2
15 13 5
27 28 3
9 7 6
4 6 1
7 4 9
18 5 6
2 18 3
14 19 6
3 27 2
4 18 8
24 21 2
12 11 4
5 19 2
6 0 9
0 23 2
20 28 8
27 2 8
26 28 9
4 10 9
5 24 7
29 13 2
29 16 6
22 17 6
29 24 5
18 10 1
1 14 6
0 28 7
15 11 3
24 11 7
19 5 7
18 16 8
4 27 7
9 20 4
17 6 8
16 29 1
26 14 6
19 17 3
8 20 9
24 4 9
28 17 5
0 7 3
29 6 3
22 20 3
24 13 5
15 6 5
0 8 3
21 29 7
26 17 8
15 28 4
2 5 5
29 5 6
5 3 5
26 0 4
20 0 3
20 9 1
12 7 9
25 21 1
21 22 9
28 0 5
29 22 7
15 12 7
7 9 4
8 9 3
27 18 4
14 5 3
20 29 5
10 13 9
3 8 8
18 25 6
19 26 3
1 18 8
0 21 3
16 24 9
1 2 1
0 13 1
12 3 7
1 11 9
4 12 3
1 13 8
6 17 1
10 16 4
25 4 2
5 12 3
25 8 1
28 5 5
12 22 6
28 25 2
13 25 8
14 7 5
19 0 7
20 24 9
10 5 6
13 29 5
26 21 6
13 24 1
22 11 2
18 6 3
12 24 8
8 2 2
24 8 8
10 11 3
17 13 4
2 8 7
24 16 9
27 10 8
20 4 3
4 17 3
16 12 3
9 13 6
16 1 4
27 24 7
12 13 8
19 3 9
29 21 4
18 23 9
11 8 5
0 16 1
26 13 7
25 0 6
20 19 3
27 7 7
24 0 9
25 22 2
19 15 3
2 9 9
18 26 1
0 10 2
0 4 4
11 7 6
23 14 4
26 8 5
28 4 6
12 14 4
8 27 1
22 0 4
14 26 7
9 6 6
16 6 2
10 17 5
8 23 5
23 17 1
7 23 1
28 19 3
10 20 7
21 19 9
24 14 6
29 2 8
20 1 8
27 9 8
28 26 6
28 14 2
29 3 2
16 17 2
5 9 7
0 20 8
2 3 1
8 14 7
8 24 3
10 21 5
10 14 5
15 27 8
7 3 2
22 23 1
13 3 4
20 13 9
14 6 9
15 4 2
11 24 5
11 17 4
21 15 2
7 12 4
29 4 1
11 9 5
9 21 2
12 25 6
23 19 5
4 7 5
1 22 3
25 28 4
20 22 2
22 15 9
11 2 5
29 0 3
22 26 6
29 12 6
28 20 2
9 5 9
1 20 2
25 17 3
8 13 3
0 6 2
23 26 9
0 24 6
9 28 1
10 28 5
12 23 3
1 26 8
10 9 1
13 7 4
8 18 4
25 6 8
18 0 9
9 12 5
6 22 4
17 2 3
8 6 9
16 2 9
27 12 3
15 8 8
27 14 2
16 9 9
22 18 7
11 13 7
25 3 4
2 1 3
20 27 6
7 29 2
18 15 5
17 16 1
6 24 5
13 17 2
3 7 7
17 18 1
17 14 3
5 21 3
19 28 7
9 3 3
21 11 3
21 24 8
0 27 9
23 29 2
3 5 9
14 10 4
4 19 7
5 0 8
29 18 8
18 20 5
23 8 2
8 26 3
8 17 4
15 25 1
13 18 3
6 12 5
10 29 4
22 10 7
11 19 3
25 26 1
14 23 4
24 23 5
17 24 1
16 0 4
13 21 5
6 11 5
9 23 3
23 27 2
26 16 1
21 20 5
28 8 2
6 16 8
16 26 8
7 27 3
12 27 2
21 28 2
25 13 5
12 15 2
12 5 6
29 26 6
22 8 5
6 15 1
22 12 1
22 4 7
12 6 5
23 25 5
3 4 2
18 8 9
16 19 8
14 28 7
8 16 7
17 5 8
21 2 9
23 2 6
17 0 1
21 3 2
1 15 2
28 2 3
27 8 3
24 22 5
19 23 9
26 11 2
17 8 7
9 27 7
26 19 9
8 1 8
3 6 7
10 4 1
23 16 7
18 9 4
20 21 4
29 11 4
8 5 9
20 3 7
6 10 6
14 22 9
16 3 2
19 1 7
4 15 1
13 9 3
25 15 4
28 3 6
19 10 3
7 15 7
22 2 5
12 8 8
19 12 9
24 18 8
1 29 5
23 11 9
27 21 4
27 20 2
17 29 4
23 1 2
23 10 5
14 21 4
0 3 3
26 6 7
3 15 7
18 19 9
19 27 4
4 23 3
3 29 1
2 14 3
0 1 1
23 24 8
1 8 3
19 22 9
8 12 3
28 9 1
10 27 2
16 23 1
10 25 8
15 20 1
24 17 4
16 7 6
19 29 8
14 15 9
9 24 3
14 4 9
21 18 2
16 8 5
9 22 8
11 26 6
17 10 7
7 2 3
16 11 2
29 7 8
21 17 7
24 15 4
12 28 9
0 14 1
18 13 8
15 9 3
6 8 2
6 25 3
17 19 2
5 26 1
14 13 8
0 29 3
22 21 6
2 24 2
24 12 4
5 7 3
27 16 7
23 15 7
2 22 3
4 20 6
8 19 1
20 8 6
10 15 7
26 27 8
18 14 9
2 10 7
1 7 7
15 3 6
5 22 2
7 5 8
23 22 7
4 28 5
17 12 7
16 18 9
24 10 2
10 2 3
21 10 2
2 26 1
11 15 7
1 25 5
2 6 5
14 8 4
27 29 2
6 23 8
3 13 5
5 25 1
17 11 7
24 25 6
15 10 3
21 1 3
11 27 2
29 20 8
26 1 1
10 8 8
14 1 6
9 11 9
26 4 7
24 5 2
3 17 4
7 22 9
10 19 3
15 17 5
5 17 7
26 5 3
21 23 5
4 11 9
27 25 9
1 4 5
10 23 7
15 5 8
4 24 8
18 4 7
24 26 5
23 5 3
19 24 4
6 13 2
19 18 6
4 13 3
3 9 5
21 8 4
13 28 8
7 21 2
27 22 9
8 29 8
5 8 4
13 19 1
29 17 2
11 21 9
17 3 6
20 12 2
19 20 5
22 3 4
8 28 1
23 4 7
12 19 1
1 17 5
2 19 7
7 0 8
29 28 9
20 17 1
4 3 5
3 25 6
12 18 9
24 19 1
8 21 9
25 5 6
1 23 3
8 3 3
20 10 1
16 20 1
5 1 4
11 25 9
13 22 6
11 1 3
23 20 7
7 24 7
27 17 9
24 20 1
17 4 5
29 15 9
12 9 8
18 7 1
2 13 7
19 13 3
14 9 9
11 5 6
29 23 1
9 25 7
4 5 6
13 1 7
7 13 2
0 25 2
6 14 8
9 10 9
28 11 1
13 16 9
17 22 9
22 6 5
20 2 3
6 26 5
11 6 1
0 26 2
13 11 7
26 20 3
17 9 3
24 28 9
13 14 7
19 16 1
5 10 4
28 21 9
6 4 1
6 28 3
10 26 1
16 27 6
9 16 9
11 28 4
7 11 8
7 8 5
2 29 4
9 26 7
29 19 9
5 28 3
2 17 4
25 10 6
26 2 7
21 25 6
11 16 8
26 29 5
16 15 6
9 17 5
13 6 9
24 9 8
13 23 2
22 19 2
11 29 2
0 5 6
4 1 7
4 2 1
3 12 8
24 2 4
21 0 7
9 0 9
1 28 4
15 2 3
19 25 2
20 14 7
5 13 1
0 18 5
7 18 1
22 28 7
21 9 8
6 19 7
20 5 9
16 14 5
28 1 5
19 21 4
6 9 5
7 25 9
25 12 1
22 25 3
14 17 4
21 16 8
18 29 4
10 1 4
19 8 1
19 11 4
17 26 2
29 8 2
26 24 3
2 16 7
23 9 2
28 13 8
29 27 7
1 6 4
7 10 2
30:720