15 5 1
12 16 1
15 17 2
17 27 1
24 6 2
28 19 8
0 7 1
6 28 2
9 26 3
9 10 9
7 1 7
4 19 5
25 1 5
19 11 5
26 28 2
22 16 7
20 15 5
16 4 4
22 25 4
17 1 5
29 4 6
7 22 7
25 29 9
11 13 7
23 16 6
5 16 1
11 5 7
8 27 2
8 23 8
8 5 7
27 14 8
4 22 9
19 7 6
6 18 3
2 20 6
20 27 8
10 1 8
1 28 4
25 21 6
7 17 9
16 28 9
16 17 8
8 11 8
0 22 6
6 25 6
0 13 2
14 20 3
21 10 4
1 24 8
3 16 5
12 7 3
10 9 4
28 29 3
8 6 8
12 6 1
23 11 5
18 9 3
9 24 9
1 16 9
18 6 1
24 28 7
3 28 2
9 4 2
22 2 8
17 12 8
8 28 4
12 23 2
22 15 6
17 6 9
3 23 4
28 1 7
13 2 6
14 18 5
19 5 9
15 28 4
10 27 9
11 3 2
23 8 1
2 13 6
1 21 7
5 19 5
18 23 4
3 7 4
2 7 7
23 14 3
28 7 7
29 25 5
9 21 2
14 28 3
4 20 5
10 4 1
16 0 2
24 8 5
29 6 2
24 21 1
2 15 8
27 1 4
3 26 8
28 22 1
24 2 4
14 16 2
14 7 5
25 27 8
18 14 7
10 28 1
6 8 7
28 20 6
12 3 6
23 17 3
20 13 2
14 5 9
21 3 8
19 12 7
15 19 7
5 28 9
3 8 3
25 22 1
11 20 6
11 2 7
1 11 9
26 2 9
15 22 3
8 3 4
8 2 7
1 7 8
21 27 2
19 26 2
27 17 5
4 24 9
13 19 3
20 2 4
18 28 8
27 25 7
19 16 5
17 15 2
21 2 8
26 24 2
21 28 4
4 9 7
23 0 6
2 27 5
15 20 8
13 20 4
12 19 7
29 22 5
23 24 6
5 24 4
1 27 8
9 22 3
21 29 7
9 20 2
15 4 3
24 23 3
6 27 9
22 19 8
18 1 2
16 19 5
18 4 2
8 15 4
8 0 6
14 1 4
20 7 5
7 24 5
17 24 2
13 27 5
13 8 3
27 9 7
2 9 2
11 1 4
27 20 1
29 19 1
19 25 3
29 13 3
14 22 9
13 14 4
6 2 2
2 0 2
15 12 2
25 0 1
10 15 2
5 14 3
9 17 3
3 29 7
11 0 2
22 24 5
1 25 7
14 9 6
4 14 5
18 12 9
16 10 6
4 21 4
11 18 9
29 15 7
6 17 1
5 10 3
11 9 5
8 17 7
17 19 6
26 18 1
14 26 6
0 18 8
22 10 2
10 5 1
20 19 7
21 26 6
29 0 2
1 20 5
2 1 3
15 13 1
13 7 5
26 25 3
3 17 2
2 22 2
20 1 5
23 3 7
11 19 8
15 10 6
25 14 4
27 3 7
17 11 4
6 4 4
15 7 3
21 13 9
23 2 5
16 27 3
10 24 7
21 24 7
27 5 2
20 12 5
16 3 3
21 18 7
12 21 6
19 8 6
15 18 8
2 21 6
15 8 4
23 26 8
0 27 9
23 18 5
11 21 2
3 6 8
28 8 5
24 18 2
12 20 1
1 8 2
5 0 9
13 29 6
14 6 1
13 12 1
16 26 5
26 7 5
26 3 3
21 17 6
23 25 2
25 10 3
24 14 1
17 8 1
18 16 9
21 12 5
22 5 1
26 13 7
26 1 3
9 25 2
12 11 4
8 16 6
23 1 3
10 8 9
18 7 8
9 8 1
20 26 3
7 19 2
6 21 4
1 9 8
18 19 1
12 5 8
9 12 9
0 6 1
7 3 1
2 19 5
21 0 9
8 24 2
8 25 2
27 4 3
14 12 2
14 13 2
13 1 5
26 10 2
11 27 1
20 25 1
9 6 7
14 23 2
23 15 8
7 2 5
21 14 5
13 22 6
6 10 1
18 10 5
26 4 6
18 25 9
20 28 7
1 6 3
7 16 1
19 29 9
21 8 1
18 29 3
0 4 8
0 26 5
16 8 6
28 10 9
2 8 1
5 15 6
4 28 4
10 21 3
16 22 3
3 24 7
25 19 5
15 25 3
29 21 1
19 10 2
12 15 4
2 4 7
11 12 7
19 24 3
14 25 1
2 26 5
28 25 3
3 14 8
18 13 7
22 4 6
6 26 3
11 14 9
23 9 2
3 13 5
9 3 4
0 20 8
1 15 7
9 16 6
22 27 1
24 9 5
0 12 9
8 29 9
17 4 4
30:342