4 2 5
15 18 8
14 18 9
1 8 3
11 5 8
11 9 9
10 4 4
9 5 6
16 0 7
0 13 6
11 10 8
9 2 8
6 19 2
4 15 6
12 0 4
2 7 6
3 19 3
7 2 4
1 3 9
15 11 4
9 8 7
12 9 5
18 0 8
19 17 5
5 16 6
8 5 6
12 7 8
13 19 3
16 11 5
9 0 4
7 17 1
19 16 8
1 12 2
4 18 7
8 9 3
18 1 2
19 5 7
6 5 6
10 0 9
15 14 1
17 0 8
10 15 7
4 3 3
8 2 5
14 10 3
7 3 1
8 17 7
18 12 7
7 8 3
16 5 8
7 15 8
9 17 7
19 9 3
11 1 4
18 10 7
19 15 1
3 5 1
9 11 5
9 16 6
12 5 9
15 5 4
18 17 8
1 18 9
15 6 3
14 5 7
4 16 1
1 11 4
14 15 9
12 1 7
2 12 5
18 11 2
3 9 3
0 16 3
9 12 4
12 2 6
3 0 1
6 2 9
16 18 5
17 11 9
1 13 2
2 14 1
7 4 3
11 0 9
17 14 9
0 18 7
13 11 5
15 17 3
11 6 7
11 16 7
1 6 4
2 13 7
5 15 2
13 1 3
16 1 6
2 16 6
18 13 9
18 15 1
1 16 7
4 7 7
14 4 3
2 17 8
10 13 7
17 2 2
6 15 2
16 14 7
0 8 6
2 0 8
12 15 5
17 3 5
3 17 9
11 14 5
17 15 9
9 10 5
16 13 2
4 19 9
14 16 1
0 5 3
8 3 8
0 11 7
18 9 5
11 17 2
15 8 1
19 12 9
5 13 3
10 9 6
12 8 9
17 10 8
14 19 4
20:128