36 25 1
37 18 8
18 21 7
30 11 8
38 5 2
8 23 5
14 20 1
22 1 4
10 27 5
28 3 1
10 19 7
34 23 9
24 8 1
31 29 7
8 27 7
3 34 6
20 26 2
4 9 4
11 29 7
26 17 7
1 24 3
6 10 2
26 24 3
5 20 9
8 12 1
2 39 2
29 34 5
18 26 8
25 15 9
21 27 6
25 35 8
33 0 9
35 22 9
15 39 2
37 11 1
35 38 8
36 0 4
2 10 1
35 33 3
30 29 2
20 3 8
29 10 2
4 31 4
24 19 7
17 25 5
9 33 2
20 30 4
2 37 1
12 31 7
15 3 8
38 6 4
32 21 6
39 36 8
16 11 4
22 11 1
8 21 7
4 10 5
5 0 3
3 31 4
24 6 1
6 32 2
15 28 5
2 15 4
3 12 7
32 15 8
26 14 2
27 1 3
24 0 9
17 14 4
10 8 9
29 1 5
32 29 6
17 7 2
28 9 3
1 36 2
21 7 5
35 1 2
27 12 4
23 34 3
14 10 9
10 39 7
25 30 3
26 21 9
15 25 3
26 1 5
25 0 9
11 12 3
7 27 6
6 7 8
29 31 6
11 35 3
16 10 3
28 1 6
36 27 6
17 19 6
19 33 1
23 10 4
38 10 1
38 0 2
37 14 8
0 1 1
0 30 1
18 36 9
19 38 4
37 16 9
37 6 8
27 20 8
9 11 3
37 17 1
18 10 1
2 5 5
32 24 2
33 23 4
39 33 1
39 35 8
38 3 5
28 33 2
21 38 5
32 30 1
23 18 2
11 38 2
39 21 4
34 3 4
39 0 3
14 7 5
12 28 9
22 35 3
21 30 2
12 2 1
3 37 9
13 37 1
26 12 5
2 3 9
4 32 2
4 20 9
15 31 8
29 27 7
1 29 2
10 18 4
26 25 5
19 35 1
19 15 7
28 21 8
28 18 1
29 2 3
36 5 1
30 18 3
3 17 7
23 25 7
28 25 9
11 28 2
26 28 1
5 38 7
14 36 5
10 35 5
20 13 8
22 39 7
29 30 2
8 5 4
4 28 3
21 4 4
23 14 7
15 0 9
5 16 5
6 34 3
21 2 1
16 34 5
27 39 3
39 9 4
12 6 2
23 36 4
21 29 5
38 18 2
36 12 4
9 34 8
31 1 9
7 3 3
13 29 8
30 17 7
13 19 6
11 18 1
4 36 5
1 22 8
13 26 1
28 7 8
33 17 2
27 2 6
37 35 1
14 5 6
34 27 6
9 15 7
8 28 5
24 33 2
37 8 1
4 14 6
30 13 7
7 30 7
36 28 4
35 20 2
16 26 6
16 15 9
12 4 6
1 16 6
31 18 2
13 23 2
19 37 4
10 2 7
16 12 8
32 3 1
18 13 9
25 17 7
14 27 6
12 34 7
34 9 1
0 26 1
18 8 9
7 24 1
32 4 9
36 22 3
28 10 5
13 18 3
9 26 4
33 10 8
12 7 2
12 33 3
35 16 2
31 2 3
39 12 9
18 28 9
34 16 9
24 5 3
35 24 7
19 5 7
6 16 8
20 12 8
26 13 7
8 14 5
20 32 5
35 32 8
15 33 9
15 4 6
39 8 9
2 30 6
14 30 3
25 26 6
11 37 6
2 24 9
1 10 1
1 31 4
18 24 6
13 5 8
15 32 6
2 25 8
8 15 3
37 27 7
37 23 7
33 13 7
37 5 4
30 1 7
11 23 9
24 4 3
5 12 4
13 38 2
1 34 2
15 36 3
22 16 6
26 35 2
25 39 9
32 5 1
21 39 7
39 4 7
2 36 1
33 20 9
12 22 9
31 36 2
13 28 9
26 8 3
11 3 3
7 26 7
33 26 2
25 34 3
33 30 2
38 17 6
9 10 1
16 27 8
1 9 6
26 34 4
8 31 9
3 8 3
3 18 1
37 0 2
6 14 6
28 8 9
19 26 4
19 4 9
0 29 7
36 6 9
34 19 4
7 8 1
33 37 3
8 6 7
18 16 6
13 7 4
13 31 1
9 14 2
5 23 4
6 39 6
21 17 5
3 14 7
32 13 6
39 28 6
6 35 2
7 17 3
28 6 9
17 10 7
30 5 4
1 11 1
37 29 4
25 1 2
34 29 1
9 1 4
17 31 4
22 13 7
24 36 3
28 38 2
27 22 5
27 15 8
19 34 9
34 22 5
11 30 9
27 4 6
35 13 6
23 39 2
35 29 6
11 22 4
24 16 5
24 34 9
35 14 1
10 13 1
3 24 9
10 11 5
39 6 3
30 10 8
11 20 7
16 3 3
25 36 2
2 11 1
19 27 6
36 18 8
33 35 2
20 22 1
17 21 1
17 38 2
1 13 1
38 28 8
18 4 8
14 15 5
8 19 4
29 6 2
32 35 7
25 5 5
38 30 6
28 23 3
33 1 7
26 23 3
35 17 9
19 30 5
31 0 8
24 1 5
4 13 3
7 5 3
36 13 8
29 7 4
11 34 7
14 24 3
31 7 6
17 32 6
38 35 5
8 39 1
30 2 2
6 8 4
15 9 1
21 10 8
19 20 9
32 19 7
5 37 1
23 19 5
35 19 2
29 13 8
31 17 4
31 33 6
21 33 9
37 22 9
26 33 9
27 25 7
17 3 7
25 8 1
13 10 5
19 39 6
28 15 2
23 12 1
36 2 1
29 15 6
8 29 8
12 18 6
17 27 7
22 4 9
14 26 3
25 11 4
37 9 1
0 3 1
36 38 3
35 5 3
34 20 7
21 12 7
20 29 5
8 7 2
25 3 2
20 18 1
5 36 7
34 0 4
11 36 6
29 11 6
5 10 4
36 21 2
1 30 4
22 9 8
17 4 4
7 36 9
11 9 1
35 39 5
33 11 7
24 21 3
31 12 6
31 37 4
6 20 5
16 18 8
26 5 9
39 7 8
12 0 5
25 14 8
12 38 8
26 10 3
10 28 6
23 26 9
31 30 8
22 7 5
15 22 3
16 9 4
35 15 2
39 1 4
39 19 1
9 36 5
32 36 5
24 7 8
5 7 5
30 21 5
16 37 8
6 33 3
35 4 9
32 31 4
16 7 9
37 4 5
19 13 7
22 18 9
37 15 4
33 2 7
19 25 5
35 28 4
2 18 1
16 8 7
15 5 4
13 22 1
21 36 5
16 28 9
4 37 5
27 35 4
25 24 2
29 9 1
15 14 3
28 36 1
39 37 3
39 15 2
19 6 3
2 35 5
31 11 4
28 2 7
29 36 3
12 37 8
21 19 5
25 10 5
12 24 5
38 12 7
26 11 5
22 23 8
3 15 5
31 8 8
13 8 8
36 30 7
26 9 1
20 7 9
3 36 2
10 16 1
18 27 3
11 0 7
36 34 9
13 2 7
36 8 2
29 38 6
15 7 9
4 3 1
30 15 4
1 20 9
37 7 6
27 19 8
8 20 8
22 29 1
6 26 9
0 33 2
8 36 1
19 21 4
15 16 2
16 21 6
0 28 8
0 37 5
31 23 2
27 38 5
14 8 2
11 8 9
25 2 1
3 0 9
30 3 6
13 3 2
24 18 2
22 14 8
3 29 7
14 19 7
7 6 4
1 38 9
22 3 4
5 1 4
32 14 4
27 10 4
24 15 1
24 25 6
17 26 3
28 17 7
2 16 6
4 21 6
4 15 5
36 37 7
29 37 8
18 6 3
30 16 9
2 19 6
28 34 6
4 33 6
3 35 1
1 18 9
21 13 4
1 2 3
12 5 4
26 22 7
37 1 7
1 8 2
33 32 1
26 20 3
17 15 5
15 17 9
31 34 3
2 38 7
32 8 5
2 33 5
27 37 7
15 37 6
17 9 8
0 4 9
38 33 8
12 15 5
5 18 3
14 9 3
39 10 7
30 4 1
9 13 3
37 30 8
13 1 2
39 3 7
24 29 9
15 35 4
5 29 8
9 7 6
36 23 3
21 28 3
37 28 7
0 21 1
37 38 1
22 31 7
9 30 2
11 27 9
11 31 7
28 20 1
10 15 8
38 24 8
3 22 1
10 24 9
32 23 8
12 13 8
27 13 7
34 2 9
28 32 9
29 4 9
34 4 4
21 32 6
16 23 6
23 38 6
27 28 1
33 18 1
18 1 1
14 16 2
11 21 4
32 28 2
12 9 3
5 34 6
11 19 7
10 32 2
6 23 9
19 10 5
36 29 3
21 11 1
11 33 9
2 13 4
6 18 9
39 24 8
15 23 6
29 21 4
31 13 2
4 8 4
27 31 1
15 19 9
36 17 6
13 0 4
21 5 3
30 6 3
16 17 9
23 15 6
7 22 1
7 25 2
29 20 7
34 32 9
25 21 6
32 20 9
37 32 1
0 2 6
36 26 2
14 23 6
27 11 6
34 1 2
39 16 7
1 7 5
20 36 5
10 30 1
20 0 1
24 39 7
25 12 9
14 3 1
38 39 3
38 22 9
23 33 2
0 36 5
29 12 5
10 26 9
0 17 1
17 0 4
7 28 3
19 1 6
36 10 4
9 32 2
1 5 2
0 10 3
11 25 6
4 17 3
29 26 8
22 15 4
7 12 1
24 2 6
2 26 2
26 0 3
32 33 1
5 14 7
15 20 7
16 13 4
20 38 2
19 7 6
2 32 4
7 32 7
15 18 3
26 6 6
33 34 3
7 14 7
23 5 1
21 8 2
26 3 4
30 12 5
38 16 1
3 9 6
33 12 8
39 22 4
4 19 5
27 34 9
0 39 7
34 15 2
39 14 3
17 12 1
36 35 2
2 28 1
5 28 2
9 24 4
26 39 3
10 38 3
11 32 8
9 27 4
24 37 9
28 35 6
17 16 3
14 37 1
19 14 1
39 38 6
23 32 2
13 14 1
39 5 7
16 38 9
29 32 9
20 23 5
8 33 5
4 5 3
17 22 8
19 29 9
25 16 3
34 33 3
27 21 7
36 14 6
31 21 9
14 28 8
36 39 7
17 36 9
16 32 7
37 34 2
17 23 1
32 1 5
39 31 4
4 29 3
37 20 6
8 4 3
16 0 3
31 26 6
7 9 9
7 2 9
0 5 5
21 22 8
18 35 6
27 9 2
38 29 2
6 29 3
18 17 5
28 29 8
0 12 7
4 16 7
2 20 4
1 28 9
17 20 3
35 36 3
34 8 2
14 1 7
26 18 5
13 27 9
9 16 5
34 31 9
31 15 4
2 12 6
15 1 2
37 13 9
16 24 7
4 12 6
37 26 2
15 27 3
17 8 8
14 39 4
27 23 5
9 17 2
7 29 1
20 31 7
6 0 4
10 23 7
2 1 9
1 19 2
37 3 9
27 26 1
17 11 8
16 36 1
29 17 5
23 9 4
32 7 6
31 10 1
26 16 3
2 23 4
24 32 6
30 35 1
13 20 6
31 25 8
5 25 8
34 37 6
10 6 4
38 2 8
39 2 7
27 24 6
37 25 6
25 13 9
7 34 9
30 23 4
24 27 7
33 39 5
34 14 7
24 28 4
6 11 4
12 29 2
20 11 8
38 26 2
24 13 3
29 14 4
1 12 5
36 1 6
25 33 3
37 36 1
38 8 2
32 0 1
31 20 4
35 2 1
5 15 6
22 37 7
34 26 6
5 6 8
2 27 4
4 30 7
1 4 5
2 6 9
11 17 5
39 23 1
4 25 7
15 21 6
3 10 1
30 25 2
17 35 9
31 5 5
7 20 3
9 2 5
28 37 5
6 19 5
4 0 3
19 24 6
18 39 6
16 6 9
22 36 5
13 9 6
35 25 4
6 24 2
28 5 4
11 7 8
9 4 2
6 27 5
12 19 9
30 26 7
8 32 9
15 11 1
32 18 1
16 20 2
17 29 6
30 28 1
1 33 7
9 29 9
38 1 1
34 12 8
37 19 8
10 25 2
18 32 3
18 12 1
36 9 6
24 22 1
7 19 4
28 14 3
38 15 8
23 7 6
34 39 3
25 28 7
0 7 6
12 27 3
9 18 3
12 1 9
17 37 3
22 0 5
32 27 4
28 4 6
34 25 2
30 32 5
34 24 7
0 25 9
18 7 1
2 9 7
9 5 7
16 33 8
11 4 8
21 9 3
27 30 8
26 31 4
30 34 1
38 13 5
28 22 2
18 15 6
3 4 6
6 2 1
1 27 6
9 12 7
28 12 7
23 4 6
14 21 3
27 8 7
25 23 1
37 39 2
34 21 7
11 1 7
19 28 4
34 6 3
18 14 4
3 26 1
20 15 6
13 4 5
34 7 3
9 38 5
25 37 3
33 27 1
32 38 8
20 16 6
3 23 3
13 17 3
20 28 1
21 26 6
26 2 2
6 5 3
10 12 9
35 27 3
6 12 9
23 22 7
10 17 2
21 31 9
13 39 4
26 19 2
16 25 7
35 11 7
9 6 8
31 32 2
14 38 8
22 17 6
0 19 8
6 9 4
14 13 8
38 7 9
4 18 5
19 16 7
11 13 9
20 27 6
5 31 8
25 9 1
32 17 3
13 25 7
10 3 4
16 35 2
32 9 6
26 4 8
25 20 5
26 15 4
32 6 1
1 39 1
12 3 9
31 35 6
8 30 1
6 3 9
21 37 7
27 7 2
6 38 8
36 15 2
8 26 9
6 22 2
3 11 1
9 3 3
38 23 8
12 10 4
1 3 4
13 16 8
28 0 9
39 17 4
10 36 9
28 13 4
9 21 1
0 24 1
24 26 4
17 30 2
2 31 9
1 0 4
28 31 3
27 6 1
14 6 2
39 32 6
27 3 6
22 21 2
0 27 5
33 8 7
9 23 1
14 0 7
30 8 8
0 22 4
9 25 5
5 17 1
35 7 9
21 6 1
18 37 5
8 25 5
38 14 6
3 27 3
38 31 5
24 12 7
32 11 5
29 3 8
12 25 8
27 18 2
1 23 9
20 4 6
26 30 4
4 35 5
11 14 1
10 14 3
36 32 7
27 36 5
3 30 4
37 24 2
31 4 1
34 13 5
8 13 4
16 22 7
8 11 9
18 30 4
7 13 2
29 16 1
7 10 4
20 9 5
0 11 3
35 8 7
23 8 4
33 22 5
28 26 6
29 8 5
8 2 3
14 34 7
31 28 7
1 21 5
23 1 9
7 37 8
36 31 4
4 11 6
18 22 6
18 9 4
23 24 5
5 24 4
12 14 5
20 6 5
17 33 1
23 20 4
6 15 2
9 39 3
7 21 8
28 27 4
39 30 9
23 30 6
0 14 4
28 11 8
0 32 1
21 23 9
15 12 9
12 17 7
20 2 9
14 25 7
35 6 2
13 36 3
38 27 3
27 32 3
6 1 4
29 25 1
17 28 2
33 19 6
30 31 2
23 16 2
33 15 9
0 6 9
5 8 5
26 37 6
20 19 4
37 33 3
36 33 1
17 2 6
15 13 1
34 17 4
37 10 1
11 24 1
39 26 3
32 26 7
38 21 4
31 16 3
21 1 4
13 33 8
9 37 4
36 11 1
15 6 6
3 38 3
24 38 9
26 7 2
6 25 3
25 31 9
25 18 9
11 16 8
39 34 4
35 21 2
23 2 6
18 0 4
8 18 8
22 6 3
22 27 7
21 18 4
26 38 4
35 37 9
1 37 3
18 19 6
2 8 5
32 12 9
18 33 6
10 34 6
23 21 6
20 37 8
21 35 7
13 35 9
24 17 2
22 24 2
8 38 1
10 29 5
37 31 7
8 37 3
23 27 8
33 29 6
2 7 1
30 38 5
7 18 3
27 17 2
9 35 2
11 26 7
5 4 1
14 32 1
8 3 8
31 6 6
2 34 3
32 10 2
11 5 3
22 2 3
14 12 2
16 31 1
15 38 8
29 39 3
31 3 9
3 28 3
33 9 6
22 26 3
27 16 4
6 31 2
29 23 3
30 39 5
18 34 8
3 39 1
11 2 6
23 6 5
19 36 5
16 5 6
25 19 8
24 30 7
30 37 7
9 0 1
29 18 2
7 39 2
15 24 3
6 30 1
17 13 2
5 35 5
25 22 2
35 12 3
25 38 7
15 10 3
32 2 1
0 20 4
36 7 9
19 2 7
12 16 3
6 13 1
19 22 7
7 11 7
23 3 4
23 0 5
4 6 3
29 19 7
39 11 5
7 15 3
27 0 9
8 9 7
15 8 7
24 35 2
12 21 8
2 21 8
38 25 8
13 6 6
27 33 4
26 36 6
1 25 6
19 8 3
13 12 9
18 25 4
32 16 9
38 9 2
28 19 4
12 23 2
4 24 1
10 31 3
38 11 5
35 34 7
8 17 7
33 24 4
21 34 9
14 29 3
12 32 6
21 20 1
23 13 1
24 3 5
38 36 6
38 19 1
22 33 3
8 16 9
25 32 9
20 35 6
19 31 8
18 20 5
1 17 5
31 22 2
19 0 9
30 36 2
3 5 7
19 9 3
34 28 3
13 24 5
31 39 6
19 23 4
8 35 5
10 9 5
35 18 3
23 31 3
4 22 6
8 34 4
0 15 6
14 4 8
20 24 3
15 2 6
34 11 7
22 28 1
4 27 3
25 7 2
21 16 7
8 24 2
29 5 3
40:1280