6 3 5
12 7 5
12 14 9
21 25 4
20 4 3
4 22 4
9 26 7
10 3 1
23 17 1
15 20 5
7 12 6
1 8 6
26 7 1
20 1 5
5 14 7
8 29 4
21 1 6
24 10 7
14 2 5
27 8 6
16 28 7
10 13 6
20 18 1
6 14 7
18 3 1
19 26 9
29 22 1
5 28 4
13 12 3
9 16 9
21 10 4
11 27 9
5 3 9
0 21 3
28 26 1
11 12 3
3 7 5
27 3 3
15 28 7
20 25 2
7 15 8
24 23 9
25 12 8
5 8 2
0 24 2
26 27 9
6 28 7
6 24 7
9 23 7
2 23 5
18 16 2
7 11 2
16 23 5
11 17 8
2 25 9
29 26 4
28 7 1
25 27 1
6 12 7
3 8 5
7 24 6
27 0 5
6 13 6
14 25 7
12 18 4
19 27 9
13 20 8
15 7 3
26 10 7
24 21 8
16 25 2
12 6 1
16 19 4
26 15 6
24 28 6
19 2 5
14 15 4
4 25 5
22 11 3
0 3 2
8 25 1
26 3 1
15 26 9
12 19 8
2 16 8
28 5 9
29 5 8
23 24 5
6 19 3
26 5 4
28 4 2
28 25 4
27 16 7
7 9 2
1 24 8
14 8 1
27 6 3
8 20 8
4 26 5
20 29 2
3 11 2
24 17 2
24 8 8
12 5 7
24 27 5
27 7 6
26 2 5
23 9 8
15 5 9
25 20 5
14 10 4
24 26 6
14 20 8
16 15 7
0 12 3
15 22 2
21 2 3
3 28 9
26 28 8
7 6 9
1 21 7
22 4 5
24 0 5
29 16 1
25 1 4
0 13 7
26 4 7
24 14 7
15 10 6
8 18 8
16 3 8
0 25 2
27 1 1
27 21 5
16 21 3
21 19 9
29 0 8
0 11 5
22 26 6
16 2 6
12 25 9
9 4 2
11 10 4
16 11 4
23 5 7
16 20 7
23 11 8
22 18 8
15 9 6
5 13 8
24 19 6
27 14 8
11 19 8
23 25 2
19 8 1
24 2 1
19 21 2
8 21 6
10 22 1
8 15 5
1 20 2
0 10 6
26 24 2
9 21 9
19 22 5
2 12 8
7 17 5
4 14 9
29 20 5
9 19 5
23 2 9
13 29 9
7 27 7
28 15 9
10 1 8
26 23 4
7 10 3
7 19 2
27 4 7
22 15 7
20 28 4
18 20 7
8 5 3
2 29 5
24 20 8
28 2 7
0 9 3
11 6 3
20 14 7
15 23 8
17 2 4
12 10 6
27 26 9
22 5 6
11 0 7
18 10 3
2 19 3
26 13 6
14 28 9
28 19 2
20 8 7
26 1 7
4 29 9
4 23 9
24 6 6
29 21 7
8 23 4
3 12 7
3 2 9
10 2 1
16 24 8
1 26 5
22 21 5
13 28 9
20 26 8
16 4 8
26 6 6
18 21 3
15 24 6
9 1 1
4 15 3
20 13 4
28 16 7
14 26 7
18 2 6
19 15 3
13 6 4
13 7 4
18 15 2
13 11 3
24 25 4
0 26 4
22 10 7
15 0 4
19 20 7
13 25 5
20 27 6
14 21 9
17 24 1
9 6 5
5 12 7
4 19 6
29 15 8
14 13 7
26 17 9
13 4 5
9 10 1
15 13 1
21 20 2
7 29 2
26 20 1
5 9 7
12 1 2
8 7 1
11 7 4
25 7 2
20 21 9
25 0 6
17 29 5
9 3 1
28 9 4
5 25 5
2 3 3
3 13 6
19 17 4
23 15 9
2 22 8
2 6 7
3 21 7
17 14 9
0 16 7
16 6 6
3 23 1
3 14 8
23 8 1
24 15 2
19 25 7
22 25 4
26 19 7
13 9 1
7 3 9
8 16 6
0 22 7
22 9 6
3 25 1
18 28 4
18 14 3
19 29 8
0 5 9
22 7 5
12 11 9
16 9 1
23 21 4
12 4 8
7 21 8
25 17 2
1 14 6
24 16 9
28 20 6
6 7 9
8 19 7
29 13 8
0 1 2
3 0 5
5 15 5
11 3 9
5 24 4
14 22 5
10 18 3
5 4 9
15 29 8
16 14 6
14 4 5
1 16 6
6 9 4
19 28 7
23 20 1
4 24 8
3 18 6
16 1 7
6 4 5
4 2 8
14 12 9
8 6 9
21 11 1
27 23 2
6 2 1
5 18 1
21 28 3
8 26 8
28 24 6
15 2 7
22 13 3
28 8 8
7 8 9
13 21 7
10 26 2
23 16 4
21 6 2
25 23 5
19 0 1
19 24 7
16 12 9
8 27 1
27 10 6
9 24 4
25 18 5
18 22 7
17 1 4
23 29 5
9 20 8
10 25 6
1 28 6
22 3 7
9 14 9
11 15 6
9 12 4
28 0 3
18 4 7
3 22 7
14 27 8
13 18 9
21 12 3
2 9 7
20 23 6
23 3 7
12 13 4
29 27 2
7 16 3
24 29 3
23 19 2
4 0 8
22 27 8
7 4 4
4 18 9
29 14 7
6 29 4
5 0 9
6 5 7
17 7 2
15 27 5
10 8 2
6 8 4
12 9 7
12 21 7
17 9 6
23 4 9
28 1 8
3 26 3
14 5 1
9 22 8
17 21 8
12 29 9
11 8 2
9 29 2
28 14 5
29 28 4
4 11 5
6 1 6
24 11 6
2 20 9
11 28 2
13 10 2
0 4 3
25 4 1
7 1 2
16 17 2
22 6 6
14 29 5
3 10 2
17 18 8
25 3 6
8 1 8
17 28 7
1 27 8
5 10 9
0 17 4
2 1 8
18 13 7
11 13 1
2 17 7
9 18 2
1 29 4
3 9 3
11 14 8
17 27 8
25 10 4
11 18 9
9 11 7
1 4 6
11 23 4
19 10 2
9 8 5
3 29 4
1 25 4
8 4 8
23 26 7
10 27 9
28 23 3
4 3 8
27 11 4
26 0 5
10 20 2
0 15 5
15 14 2
10 5 3
18 26 1
16 8 4
29 2 4
14 11 8
23 7 9
9 27 9
26 14 4
6 27 5
22 12 8
14 3 3
17 11 4
27 17 5
13 17 6
14 6 8
28 18 2
8 14 3
0 14 1
28 13 3
16 13 2
25 2 6
27 20 3
7 28 2
6 10 9
27 28 9
7 0 5
29 7 3
1 15 1
1 18 1
1 0 8
2 26 8
19 13 5
23 6 4
28 21 8
8 24 9
10 16 2
29 3 8
6 0 7
14 23 3
29 4 8
12 28 2
19 5 3
26 29 6
17 25 6
11 4 8
20 5 6
0 19 9
11 5 3
29 19 2
21 0 9
17 19 6
9 13 2
7 22 3
5 21 6
25 16 4
13 16 2
9 0 4
0 7 1
2 28 8
16 26 8
6 11 5
25 24 4
15 17 3
10 24 5
12 3 9
21 4 2
9 15 3
19 14 8
0 18 8
21 27 4
11 16 4
24 5 6
6 15 6
19 1 4
4 10 8
21 8 4
21 9 5
15 4 8
29 1 6
2 0 9
14 0 8
25 6 3
3 5 3
17 15 4
18 25 7
27 22 1
18 19 4
4 1 3
10 0 7
24 22 2
25 19 9
11 22 7
21 16 6
24 18 7
2 5 4
28 11 9
6 22 6
20 9 8
2 18 9
23 14 5
18 6 6
29 9 2
21 23 7
1 3 1
1 7 5
29 24 4
6 21 1
29 17 1
3 6 1
10 9 1
20 0 5
17 8 4
29 11 2
16 27 9
22 17 5
4 28 8
10 4 6
22 1 4
18 11 1
3 24 7
6 25 1
6 23 9
14 16 5
10 6 2
4 17 5
22 19 8
21 22 9
27 2 5
2 13 3
9 28 5
21 14 6
20 11 1
0 20 4
11 1 4
21 15 7
6 26 9
7 26 4
15 19 1
15 11 6
29 6 8
19 9 9
22 20 4
2 15 6
13 2 2
12 20 7
29 18 8
5 22 9
5 2 5
4 13 3
3 27 8
24 13 2
11 24 1
28 10 4
28 17 9
1 17 7
21 18 8
26 9 4
7 23 3
8 2 1
13 19 8
9 7 5
28 6 8
29 10 1
8 0 7
3 1 7
13 5 5
28 12 3
12 15 9
14 24 2
24 4 2
5 23 4
1 22 6
29 8 9
2 14 5
21 13 4
10 11 5
26 18 8
2 24 2
25 29 4
5 7 4
10 15 5
1 10 9
12 24 3
10 17 3
22 29 9
26 8 8
22 2 1
3 17 9
26 25 7
1 12 7
2 11 1
4 7 9
20 12 3
13 27 5
3 20 7
13 0 1
4 21 6
18 23 7
27 5 3
20 15 6
27 24 7
17 26 9
2 7 6
14 9 4
18 1 6
21 29 9
23 12 4
0 28 5
22 8 3
1 9 9
17 12 3
15 25 8
12 17 7
1 2 6
17 16 3
8 10 3
13 8 2
25 5 4
16 10 7
27 18 7
14 18 8
30:666