8 5 8
8 14 5
7 3 4
1 7 5
0 19 3
10 2 5
8 9 1
13 5 8
7 17 1
16 7 4
12 10 1
4 10 3
4 0 5
0 4 3
4 17 3
15 17 8
14 9 9
12 5 6
11 16 7
9 17 8
6 2 2
10 0 1
18 10 6
1 2 1
12 2 9
19 0 9
0 16 9
0 1 8
18 12 3
18 5 5
10 17 8
12 4 7
13 6 1
3 18 7
17 4 9
5 12 4
18 14 8
11 1 5
8 12 3
19 10 4
10 11 6
6 1 9
8 19 7
11 13 9
5 15 4
7 4 7
18 2 2
17 5 3
10 3 4
11 5 4
16 10 6
16 3 2
6 18 7
10 12 8
4 8 3
0 5 1
9 2 3
6 10 5
14 18 8
6 3 7
7 18 8
8 10 6
17 12 2
9 8 9
0 15 3
11 3 3
16 17 9
4 18 3
2 19 9
13 17 1
4 1 9
18 3 7
4 5 3
13 3 1
12 11 1
17 0 7
2 3 4
12 8 8
14 11 8
19 13 2
19 9 7
15 13 6
6 4 9
16 12 7
4 14 2
8 6 4
17 19 8
12 14 4
15 9 1
11 6 1
8 11 1
10 4 9
9 13 4
11 0 8
0 10 1
17 2 1
12 17 3
15 6 6
6 11 6
14 15 8
2 7 6
13 19 4
5 9 7
17 8 4
9 14 7
15 14 4
14 16 1
13 14 3
4 11 5
17 6 4
8 16 1
3 17 7
1 8 5
15 2 1
19 14 6
9 4 5
9 10 7
17 1 4
7 6 3
16 11 7
12 9 9
12 7 2
17 18 3
12 18 4
12 15 6
4 6 9
0 6 7
7 15 4
5 10 6
4 7 7
13 9 1
4 9 8
13 2 7
14 0 1
2 4 4
13 7 9
7 10 8
8 15 3
3 9 3
5 6 5
3 2 5
14 10 3
7 12 9
6 0 6
19 2 5
10 14 2
1 14 4
5 3 6
19 8 9
12 0 2
1 18 2
5 16 1
2 0 2
11 17 3
0 7 5
2 14 1
3 13 3
12 16 9
1 11 4
14 2 2
11 8 3
5 18 1
17 9 1
15 8 1
15 0 1
17 13 5
16 18 7
17 16 8
18 11 8
9 5 4
19 16 8
16 13 1
19 6 5
6 14 9
13 11 2
3 5 8
1 9 3
19 18 4
14 13 4
16 2 1
11 4 4
0 13 5
7 16 1
11 9 4
9 16 3
9 0 5
16 0 5
10 18 5
16 4 3
7 0 2
18 8 8
9 11 6
0 11 6
7 2 7
4 3 8
11 10 4
18 9 5
3 6 7
2 8 9
9 6 8
10 9 6
9 7 2
18 13 2
18 1 3
11 2 1
4 13 4
15 12 4
3 8 8
7 11 8
15 7 7
15 18 8
8 7 2
11 14 3
1 12 4
10 15 3
16 15 2
5 19 8
13 4 5
3 19 3
16 6 6
13 10 6
6 15 5
2 1 5
14 7 1
12 3 4
12 1 8
3 1 2
10 7 3
10 8 8
3 7 5
0 14 6
18 16 9
7 19 3
1 19 7
7 1 8
1 3 7
14 12 9
13 15 9
15 1 3
6 12 4
8 3 6
2 18 5
1 6 3
14 6 5
10 16 3
2 6 8
2 17 3
7 9 4
19 5 6
1 10 8
17 15 2
14 8 3
17 3 8
11 15 3
0 12 5
3 10 1
0 9 1
10 19 7
4 19 6
5 17 9
18 19 1
16 9 3
5 7 6
13 16 8
7 13 8
19 4 1
17 11 9
4 2 6
15 3 7
6 9 6
15 10 7
12 6 6
20:272