6 1 3
18 14 8
1 9 2
10 1 9
1 7 9
11 15 3
0 11 4
1 3 4
8 7 3
6 9 9
14 18 2
4 7 9
2 18 2
2 7 9
9 15 2
5 19 7
4 2 3
9 8 1
12 10 8
16 5 4
17 7 8
5 3 4
1 2 1
3 0 4
1 10 3
3 8 4
19 0 9
1 8 2
15 14 5
8 11 5
5 6 4
3 13 8
4 10 9
1 6 9
9 2 7
13 14 2
0 5 4
2 8 6
9 4 6
4 6 1
0 8 6
4 5 6
5 7 8
7 16 2
6 3 8
5 9 3
1 5 8
6 5 3
8 2 5
7 8 8
3 5 2
6 2 6
6 0 7
0 9 7
5 0 9
3 9 4
9 0 8
9 6 9
3 4 3
7 4 9
4 3 9
4 9 8
2 4 7
4 8 9
8 5 1
8 0 8
6 4 1
5 2 5
2 6 4
3 2 6
0 4 9
9 3 8
0 2 5
5 4 6
7 0 5
0 7 9
0 3 2
6 7 3
8 3 3
0 6 9
20:80